6000 4.91333
16000 4.65748
26000 5.62012
36000 4.7796
46000 4.65728
56000 4.38173
66000 5.60922
76000 4.50957
86000 4.67988
96000 4.82908
106000 4.52602
116000 4.47495
126000 4.52063
136000 4.63889
146000 4.55613
156000 4.50918
166000 4.51544
176000 4.32834
186000 4.32278
196000 4.44701
206000 4.71047
216000 4.34321
226000 4.43274
236000 4.6131
246000 4.36983
256000 4.42223
266000 4.44176
276000 4.4725
286000 4.47989
296000 4.4797
306000 4.47285
316000 4.36867
326000 4.44836
336000 4.47616
346000 4.8457
356000 4.51745
366000 4.47063
376000 4.40328
386000 4.39199
396000 4.35379
406000 4.37988
416000 4.36116
426000 4.37354
436000 4.35978
446000 4.33698
456000 4.34124
466000 4.32957
476000 4.33587
486000 4.30669
496000 4.30265
506000 4.3162
516000 4.31566
526000 4.34007
536000 4.35371
546000 4.33891
556000 4.30284
566000 4.31976
576000 4.31975
586000 4.30766
596000 4.31191
606000 4.31679
616000 4.31683
626000 4.30642
636000 4.30059
646000 4.29235
656000 4.29504
666000 4.30405
676000 4.31866
686000 4.27916
696000 4.39618
706000 4.45188
716000 4.39328
726000 4.45972
736000 4.3629
746000 4.29521
756000 4.28305
766000 4.268
776000 4.28341
786000 4.28064
796000 4.2761
806000 4.28587
816000 4.28296
826000 4.29735
836000 4.28951
846000 4.27547
856000 4.28149
866000 4.28548
876000 4.29069
886000 4.28434
896000 4.29188
906000 4.28119
916000 4.29539
926000 4.29067
936000 4.28422
946000 4.28928
956000 4.30167
966000 4.30669
976000 4.28392
986000 4.28945
996000 4.29996
1006000 4.32098
1016000 4.31535
1026000 4.31114
1036000 4.31375
1046000 4.32983
