6000 4.30867
16000 4.30388
26000 4.61699
36000 4.30806
46000 4.40592
56000 4.39151
66000 4.28782
76000 4.27736
86000 4.32847
96000 4.33014
106000 4.31818
116000 4.35713
126000 4.35129
136000 4.29186
146000 4.31077
156000 4.34901
166000 4.32086
176000 4.33836
186000 4.3192
196000 4.31796
206000 4.34975
216000 4.32461
226000 4.33272
236000 4.35939
246000 4.324
256000 4.3367
266000 4.33324
276000 4.31959
286000 4.34675
296000 4.34406
306000 4.33681
316000 4.33133
326000 4.35408
336000 4.33661
346000 4.32723
356000 4.35859
366000 4.33538
376000 4.34026
386000 4.33124
396000 4.36698
406000 4.34706
416000 4.34647
426000 4.36075
436000 4.32628
446000 4.34736
456000 4.33622
466000 4.34055
476000 4.33753
486000 4.34746
496000 4.35275
506000 4.32848
516000 4.34549
526000 4.34115
536000 4.34023
546000 4.34111
556000 4.33724
566000 4.34956
576000 4.33907
586000 4.33917
596000 4.32321
606000 4.3472
616000 4.34641
626000 4.33418
636000 4.35277
646000 4.35012
656000 4.34229
666000 4.34388
676000 4.34077
686000 4.35485
696000 4.34248
706000 4.37997
716000 4.36719
726000 4.3341
736000 4.35138
746000 4.34039
756000 4.35119
766000 4.34017
776000 4.3476
786000 4.33955
796000 4.34629
806000 4.34895
816000 4.34626
826000 4.34539
836000 4.34454
846000 4.34372
856000 4.35057
866000 4.35762
876000 4.36088
886000 4.35531
896000 4.3558
906000 4.35703
916000 4.34881
926000 4.35542
936000 4.36263
946000 4.36344
956000 4.37575
966000 4.34417
976000 4.4702
986000 4.40183
996000 4.54701
1006000 4.76314
1016000 4.40985
1026000 4.47551
1036000 4.43872
1046000 4.8561
