6000 0.0015
7000 0.000142857
8000 0.000125
9000 0
10000 0.0002
11000 0
12000 0.000166667
13000 7.69231e-05
14000 0.000142857
15000 6.66667e-05
16000 0.000125
17000 0
18000 0.000111111
19000 5.26316e-05
20000 5e-05
21000 9.52381e-05
22000 4.54545e-05
23000 0
24000 0
25000 8e-05
26000 3.84615e-05
27000 3.7037e-05
28000 3.57143e-05
29000 6.89655e-05
30000 0
31000 0
32000 9.375e-05
33000 0.000363636
34000 0
35000 5.71429e-05
36000 2.77778e-05
37000 2.7027e-05
38000 2.63158e-05
39000 5.12821e-05
40000 2.5e-05
41000 0
42000 2.38095e-05
43000 2.32558e-05
44000 2.27273e-05
45000 4.44444e-05
46000 4.34783e-05
47000 4.25532e-05
48000 2.08333e-05
49000 4.08163e-05
50000 4e-05
51000 1.96078e-05
52000 1.92308e-05
53000 3.77358e-05
54000 1.85185e-05
55000 1.81818e-05
56000 3.57143e-05
57000 1.75439e-05
58000 1.72414e-05
59000 3.38983e-05
60000 1.66667e-05
61000 0
62000 1.6129e-05
63000 1.5873e-05
64000 3.125e-05
65000 3.07692e-05
66000 3.0303e-05
67000 2.98507e-05
68000 1.47059e-05
69000 2.89855e-05
70000 1.42857e-05
71000 1.40845e-05
72000 1.38889e-05
73000 2.73973e-05
74000 1.35135e-05
75000 2.66667e-05
76000 1.31579e-05
77000 2.5974e-05
78000 1.28205e-05
79000 2.53165e-05
80000 2.5e-05
81000 7.40741e-05
82000 3.65854e-05
83000 3.61446e-05
84000 2.38095e-05
85000 2.35294e-05
86000 1.16279e-05
87000 2.29885e-05
88000 1.13636e-05
89000 1.1236e-05
90000 1.11111e-05
91000 1.0989e-05
92000 2.17391e-05
93000 2.15054e-05
94000 2.12766e-05
95000 4.21053e-05
96000 2.08333e-05
97000 1.03093e-05
98000 2.04082e-05
99000 2.0202e-05
100000 2e-05
101000 3.9604e-05
102000 3.92157e-05
103000 1.94175e-05
104000 3.84615e-05
105000 1.90476e-05
106000 9.43396e-06
107000 3.73832e-05
108000 3.7037e-05
109000 1.83486e-05
110000 9.09091e-06
111000 1.8018e-05
112000 8.92857e-06
113000 0
114000 8.77193e-06
115000 8.69565e-06
116000 1.72414e-05
117000 1.7094e-05
118000 8.47458e-06
119000 8.40336e-06
120000 1.66667e-05
121000 1.65289e-05
122000 1.63934e-05
123000 8.13008e-06
124000 3.22581e-05
125000 8e-06
126000 7.93651e-06
127000 1.5748e-05
128000 7.8125e-06
129000 2.32558e-05
130000 1.53846e-05
131000 1.52672e-05
132000 7.57576e-06
133000 7.5188e-06
134000 1.49254e-05
135000 7.40741e-06
136000 7.35294e-06
137000 7.29927e-06
138000 7.24638e-06
139000 1.43885e-05
140000 7.14286e-06
141000 7.0922e-06
142000 7.04225e-06
143000 6.99301e-06
144000 4.86111e-05
145000 2.06897e-05
146000 6.84932e-06
147000 6.80272e-06
148000 1.35135e-05
149000 2.68456e-05
150000 6.66667e-06
151000 6.62252e-06
152000 2.63158e-05
153000 3.92157e-05
154000 1.2987e-05
155000 1.29032e-05
156000 1.28205e-05
157000 6.36943e-06
158000 6.32911e-06
159000 6.28931e-06
160000 6.25e-06
161000 1.24224e-05
162000 6.17284e-06
163000 6.13497e-06
164000 1.21951e-05
165000 6.06061e-06
166000 1.20482e-05
167000 1.1976e-05
168000 1.19048e-05
169000 0
170000 5.88235e-06
171000 1.16959e-05
172000 5.81395e-06
173000 1.15607e-05
174000 5.74713e-06
175000 5.71429e-06
176000 2.84091e-05
177000 1.69492e-05
178000 5.61798e-06
179000 1.11732e-05
180000 5.55556e-06
181000 1.10497e-05
182000 5.49451e-06
183000 1.0929e-05
184000 5.43478e-06
185000 5.40541e-06
186000 5.37634e-06
187000 5.34759e-06
188000 1.06383e-05
189000 1.0582e-05
190000 1.05263e-05
191000 5.2356e-06
192000 5.20833e-06
193000 0
194000 5.15464e-06
195000 1.02564e-05
196000 1.02041e-05
197000 1.01523e-05
198000 5.05051e-06
199000 1.00503e-05
200000 5e-06
201000 9.95025e-05
202000 1.9802e-05
203000 3.44828e-05
204000 1.96078e-05
205000 1.95122e-05
206000 4.85437e-06
207000 4.83092e-06
208000 4.80769e-06
209000 9.56938e-06
210000 9.52381e-06
211000 4.73934e-06
212000 4.71698e-06
213000 2.8169e-05
214000 2.33645e-05
215000 1.39535e-05
216000 9.25926e-06
217000 4.60829e-06
218000 4.58716e-06
219000 0
220000 4.54545e-06
221000 9.04977e-06
222000 9.00901e-06
223000 8.96861e-06
224000 8.92857e-06
225000 0
226000 4.42478e-06
227000 8.81057e-06
228000 4.38596e-06
229000 8.73362e-06
230000 8.69565e-06
231000 4.329e-06
232000 8.62069e-06
233000 3.43348e-05
234000 1.28205e-05
235000 4.25532e-06
236000 4.23729e-06
237000 0
238000 4.20168e-06
239000 4.1841e-06
240000 8.33333e-06
241000 8.29876e-06
242000 4.13223e-06
243000 4.11523e-06
244000 4.09836e-06
245000 8.16327e-06
246000 8.13008e-06
247000 5.66802e-05
248000 1.6129e-05
249000 8.03213e-06
250000 8e-06
251000 3.98406e-06
252000 3.96825e-06
253000 7.90514e-06
254000 3.93701e-06
255000 7.84314e-06
256000 7.8125e-06
257000 0
258000 7.75194e-06
259000 3.861e-06
260000 7.69231e-06
261000 3.83142e-05
262000 7.63359e-06
263000 3.04183e-05
264000 3.78788e-06
265000 7.54717e-06
266000 3.7594e-06
267000 7.49064e-06
268000 7.46269e-06
269000 7.43494e-06
270000 7.40741e-06
271000 7.38007e-06
272000 3.67647e-06
273000 3.663e-06
274000 7.29927e-06
275000 1.09091e-05
276000 1.08696e-05
277000 7.22022e-06
278000 3.59712e-06
279000 7.16846e-06
280000 3.57143e-06
281000 7.11744e-06
282000 7.0922e-06
283000 7.06714e-06
284000 3.52113e-06
285000 7.01754e-06
286000 3.4965e-06
287000 3.48432e-06
288000 3.47222e-06
289000 1.03806e-05
290000 5.51724e-05
291000 6.87285e-06
292000 3.42466e-06
293000 3.41297e-06
294000 6.80272e-06
295000 3.38983e-06
296000 6.75676e-06
297000 6.73401e-06
298000 1.67785e-05
299000 6.68896e-06
300000 0
301000 3.32226e-06
302000 6.62252e-06
303000 1.9802e-05
304000 1.31579e-05
305000 6.55738e-06
306000 6.53595e-06
307000 6.51466e-06
308000 3.24675e-06
309000 6.47249e-06
310000 3.22581e-06
311000 0
312000 3.20513e-06
313000 6.38978e-06
314000 2.86624e-05
315000 1.90476e-05
316000 9.49367e-06
317000 6.30915e-06
318000 6.28931e-06
319000 6.26959e-06
320000 6.25e-06
321000 3.11526e-06
322000 3.10559e-06
323000 6.19195e-06
324000 3.08642e-06
325000 1.53846e-05
326000 3.06748e-06
327000 6.11621e-06
328000 6.09756e-06
329000 3.03951e-06
330000 6.06061e-06
331000 6.0423e-06
332000 9.03614e-06
333000 6.00601e-06
334000 2.99401e-06
335000 1.79104e-05
336000 5.95238e-06
337000 1.18694e-05
338000 1.47929e-05
339000 5.89971e-06
340000 5.88235e-06
341000 5.8651e-06
342000 2.92398e-06
343000 2.91545e-06
344000 2.90698e-06
345000 5.7971e-06
346000 2.89017e-06
347000 5.76369e-06
348000 1.72414e-05
349000 5.73066e-06
350000 2.85714e-06
351000 2.849e-06
352000 2.84091e-06
353000 2.83286e-06
354000 2.82486e-06
355000 2.8169e-06
356000 2.80899e-06
357000 2.80112e-06
358000 5.58659e-06
359000 5.57103e-06
360000 2.22222e-05
361000 8.31025e-06
362000 5.52486e-06
363000 8.26446e-06
364000 8.24176e-06
365000 2.46575e-05
366000 1.36612e-05
367000 5.44959e-06
368000 5.43478e-06
369000 1.08401e-05
370000 1.89189e-05
371000 1.61725e-05
372000 2.41935e-05
373000 1.34048e-05
374000 5.34759e-06
375000 5.33333e-06
376000 2.65957e-06
377000 2.65252e-06
378000 2.6455e-06
379000 1.05541e-05
380000 1.05263e-05
381000 5.24934e-06
382000 2.6178e-06
383000 2.61097e-06
384000 2.60417e-06
385000 2.5974e-06
386000 5.18135e-06
387000 5.16796e-06
388000 1.03093e-05
389000 1.28535e-05
390000 2.82051e-05
391000 7.67263e-06
392000 2.55102e-06
393000 5.08906e-06
394000 2.03046e-05
395000 7.59494e-06
396000 5.05051e-06
397000 5.03778e-06
398000 1.75879e-05
399000 7.5188e-06
400000 5e-06
401000 2.49377e-06
402000 2.48756e-06
403000 2.48139e-06
404000 2.47525e-06
405000 4.93827e-06
406000 2.46305e-06
407000 9.82801e-06
408000 4.90196e-06
409000 2.44499e-05
410000 9.7561e-06
411000 4.86618e-06
412000 7.28155e-06
413000 2.42131e-06
414000 1.44928e-05
415000 9.63855e-06
416000 4.80769e-06
417000 2.39808e-06
418000 2.39234e-06
419000 4.77327e-06
420000 2.38095e-06
421000 2.3753e-06
422000 7.109e-06
423000 4.72813e-06
424000 1.17925e-05
425000 2.35294e-06
426000 1.17371e-05
427000 4.68384e-06
428000 4.6729e-06
429000 6.99301e-06
430000 2.32558e-06
431000 2.32019e-06
432000 1.62037e-05
433000 1.15473e-05
434000 4.60829e-06
435000 4.5977e-06
436000 2.29358e-06
437000 4.57666e-06
438000 2.28311e-06
439000 6.83371e-06
440000 2.72727e-05
441000 5.21542e-05
442000 6.78733e-06
443000 6.77201e-06
444000 2.25225e-06
445000 4.49438e-06
446000 4.4843e-06
447000 1.11857e-05
448000 1.78571e-05
449000 6.68151e-06
450000 2.22222e-06
451000 1.10865e-05
452000 4.42478e-06
453000 4.41501e-06
454000 2.20264e-06
455000 4.3956e-06
456000 6.57895e-06
457000 8.75274e-06
458000 1.52838e-05
459000 2.17865e-06
460000 6.52174e-06
461000 4.33839e-06
462000 2.1645e-06
463000 2.15983e-06
464000 4.31034e-06
465000 1.07527e-05
466000 4.29185e-06
467000 4.28266e-06
468000 2.13675e-06
469000 6.39659e-06
470000 0
471000 2.12314e-06
472000 6.35593e-06
473000 4.22833e-06
474000 4.21941e-06
475000 1.68421e-05
476000 8.40336e-06
477000 8.38574e-06
478000 8.3682e-06
479000 1.87891e-05
480000 8.33333e-06
481000 4.158e-06
482000 6.22407e-06
483000 2.89855e-05
484000 8.26446e-06
485000 2.26804e-05
486000 6.17284e-06
487000 6.16016e-06
488000 4.09836e-06
489000 4.08998e-06
490000 4.08163e-06
491000 1.42566e-05
492000 1.62602e-05
493000 6.08519e-06
494000 6.07287e-06
495000 1.0101e-05
496000 4.03226e-06
497000 1.81087e-05
498000 1.40562e-05
499000 6.01202e-06
500000 6e-06
501000 1.99601e-06
502000 3.98406e-06
503000 3.97614e-06
504000 3.96825e-06
505000 5.94059e-06
506000 1.97628e-06
507000 3.94477e-06
508000 3.93701e-06
509000 1.96464e-06
510000 3.92157e-06
511000 1.17417e-05
512000 5.85938e-06
513000 1.16959e-05
514000 5.83658e-06
515000 3.8835e-06
516000 1.93798e-06
517000 1.93424e-06
518000 3.861e-06
519000 9.63391e-06
520000 3.84615e-06
521000 1.91939e-06
522000 3.83142e-06
523000 3.82409e-06
524000 3.81679e-06
525000 3.80952e-06
526000 1.90114e-06
527000 1.89753e-06
528000 3.78788e-06
529000 9.4518e-06
530000 5.66038e-06
531000 7.53296e-06
532000 9.3985e-06
533000 7.50469e-06
534000 7.49064e-06
535000 7.47664e-06
536000 3.73134e-06
537000 3.72439e-06
538000 3.71747e-06
539000 5.56586e-06
540000 3.7037e-06
541000 3.69686e-06
542000 1.84502e-06
543000 5.52486e-06
544000 1.83824e-06
545000 5.50459e-06
546000 5.49451e-06
547000 3.65631e-06
548000 5.47445e-06
549000 5.46448e-06
550000 3.63636e-06
551000 1.81488e-06
552000 1.81159e-06
553000 5.42495e-06
554000 5.41516e-06
555000 3.6036e-06
556000 5.39568e-06
557000 5.386e-06
558000 3.58423e-06
559000 3.57782e-06
560000 5.35714e-06
561000 3.56506e-06
562000 3.55872e-06
563000 3.5524e-06
564000 5.31915e-06
565000 3.53982e-06
566000 5.30035e-06
567000 5.29101e-06
568000 3.52113e-06
569000 3.51494e-06
570000 3.50877e-06
571000 1.75131e-06
572000 5.24476e-06
573000 1.7452e-06
574000 5.22648e-06
575000 3.47826e-06
576000 3.47222e-06
577000 5.19931e-06
578000 3.46021e-06
579000 1.72712e-06
580000 3.44828e-06
581000 3.44234e-06
582000 5.15464e-06
583000 1.71527e-05
584000 1.0274e-05
585000 3.4188e-06
586000 3.41297e-06
587000 5.11073e-06
588000 5.10204e-06
589000 5.09338e-06
590000 3.38983e-06
591000 3.38409e-06
592000 5.06757e-06
593000 1.68634e-06
594000 3.367e-06
595000 5.04202e-06
596000 3.3557e-06
597000 1.67504e-06
598000 3.34448e-06
599000 3.3389e-06
600000 5e-06
601000 4.99168e-06
602000 3.32226e-06
603000 4.97512e-06
604000 1.49007e-05
605000 6.61157e-06
606000 6.60066e-06
607000 4.94234e-06
608000 4.93421e-06
609000 3.28407e-06
610000 3.27869e-06
611000 6.54664e-06
612000 1.63399e-06
613000 4.89396e-06
614000 3.25733e-06
615000 3.25203e-06
616000 3.24675e-06
617000 4.86224e-06
618000 3.23625e-06
619000 4.84653e-06
620000 3.22581e-06
621000 4.83092e-06
622000 3.21543e-06
623000 3.21027e-06
624000 1.60256e-06
625000 3.2e-06
626000 3.19489e-06
627000 1.5949e-06
628000 3.18471e-06
629000 3.17965e-06
630000 1.5873e-06
631000 4.75436e-06
632000 1.58228e-06
633000 4.73934e-06
634000 4.73186e-06
635000 3.14961e-06
636000 3.14465e-06
637000 4.70958e-06
638000 3.1348e-06
639000 3.12989e-06
640000 1.5625e-06
641000 4.68019e-06
642000 3.11526e-06
643000 3.11042e-06
644000 3.10559e-06
645000 3.10078e-06
646000 3.09598e-06
647000 3.09119e-06
648000 3.08642e-06
649000 6.16333e-06
650000 4.61538e-06
651000 3.0722e-06
652000 3.06748e-06
653000 4.59418e-06
654000 4.58716e-06
655000 4.58015e-06
656000 4.57317e-06
657000 6.08828e-06
658000 3.03951e-06
659000 4.55235e-06
660000 3.0303e-06
661000 6.05144e-06
662000 4.53172e-06
663000 4.52489e-06
664000 4.51807e-06
665000 4.51128e-06
666000 3.003e-06
667000 2.9985e-06
668000 4.49102e-06
669000 4.4843e-06
670000 5.97015e-06
671000 4.47094e-06
672000 4.46429e-06
673000 7.42942e-06
674000 1.48368e-06
675000 2.96296e-06
676000 4.43787e-06
677000 4.43131e-06
678000 4.42478e-06
679000 4.41826e-06
680000 2.94118e-06
681000 4.40529e-06
682000 4.39883e-06
683000 7.32064e-06
684000 4.38596e-06
685000 4.37956e-06
686000 2.91545e-06
687000 4.36681e-06
688000 5.81395e-06
689000 4.35414e-06
690000 4.34783e-06
691000 2.89436e-06
692000 4.33526e-06
693000 4.329e-06
694000 5.76369e-06
695000 4.31655e-06
696000 4.31034e-06
697000 2.86944e-06
698000 2.86533e-06
699000 1.14449e-05
700000 4.28571e-06
701000 4.2796e-06
702000 4.2735e-06
703000 4.26743e-06
704000 1.5625e-05
705000 5.67376e-06
706000 7.08215e-06
707000 8.48656e-06
708000 5.64972e-06
709000 5.64175e-06
710000 4.22535e-06
711000 5.62588e-06
712000 4.21348e-06
713000 4.20757e-06
714000 4.20168e-06
715000 4.1958e-06
716000 5.58659e-06
717000 4.1841e-06
718000 5.57103e-06
719000 5.56328e-06
720000 4.16667e-06
721000 4.16089e-06
722000 4.15512e-06
723000 5.5325e-06
724000 4.14365e-06
725000 2.75862e-06
726000 4.13223e-06
727000 4.12655e-06
728000 4.12088e-06
729000 4.11523e-06
730000 4.10959e-06
731000 4.10397e-06
732000 4.09836e-06
733000 4.09277e-06
734000 4.08719e-06
735000 4.08163e-06
736000 4.07609e-06
737000 5.42741e-06
738000 4.06504e-06
739000 4.05954e-06
740000 4.05405e-06
741000 4.04858e-06
742000 4.04313e-06
743000 4.03769e-06
744000 1.07527e-05
745000 5.36913e-06
746000 2.68097e-06
747000 4.01606e-06
748000 5.34759e-06
749000 4.00534e-06
750000 9.33333e-06
751000 3.99467e-06
752000 3.98936e-06
753000 3.98406e-06
754000 3.97878e-06
755000 3.97351e-06
756000 3.96825e-06
757000 5.28402e-06
758000 3.95778e-06
759000 1.05402e-05
760000 3.94737e-06
761000 5.25624e-06
762000 2.62467e-06
763000 3.93185e-06
764000 3.9267e-06
765000 3.92157e-06
766000 3.91645e-06
767000 3.91134e-06
768000 3.90625e-06
769000 3.90117e-06
770000 5.19481e-06
771000 5.18807e-06
772000 5.18135e-06
773000 5.17464e-06
774000 3.87597e-06
775000 3.87097e-06
776000 5.15464e-06
777000 5.14801e-06
778000 5.14139e-06
779000 3.85109e-06
780000 3.84615e-06
781000 3.84123e-06
782000 5.11509e-06
783000 2.55428e-06
784000 5.10204e-06
785000 3.82166e-06
786000 6.36132e-06
787000 5.08259e-06
788000 3.80711e-06
789000 3.80228e-06
790000 3.79747e-06
791000 3.79267e-06
792000 6.31313e-06
793000 5.04414e-06
794000 3.77834e-06
795000 5.03145e-06
796000 5.02513e-06
797000 3.76412e-06
798000 5.01253e-06
799000 3.75469e-06
800000 5e-06
801000 4.99376e-06
802000 1.37157e-05
803000 6.22665e-06
804000 4.97512e-06
805000 3.72671e-06
806000 3.72208e-06
807000 3.71747e-06
808000 6.18812e-06
809000 4.94438e-06
810000 4.93827e-06
811000 6.16523e-06
812000 4.92611e-06
813000 4.92005e-06
814000 6.14251e-06
815000 4.90798e-06
816000 4.90196e-06
817000 3.67197e-06
818000 4.88998e-06
819000 7.32601e-06
820000 3.65854e-06
821000 3.65408e-06
822000 3.64964e-06
823000 2.43013e-06
824000 4.85437e-06
825000 7.27273e-06
826000 4.84262e-06
827000 4.83676e-06
828000 3.62319e-06
829000 3.61882e-06
830000 1.20482e-06
831000 3.61011e-06
832000 3.60577e-06
833000 3.60144e-06
834000 2.39808e-06
835000 4.79042e-06
836000 4.78469e-06
837000 4.77897e-06
838000 3.57995e-06
839000 2.38379e-06
840000 1.30952e-05
841000 4.75624e-06
842000 2.3753e-06
843000 2.37248e-06
844000 3.5545e-06
845000 3.5503e-06
846000 2.36407e-06
847000 3.54191e-06
848000 2.35849e-06
849000 3.53357e-06
850000 3.52941e-06
851000 4.70035e-06
852000 4.69484e-06
853000 4.68933e-06
854000 3.51288e-06
855000 2.33918e-06
856000 3.50467e-06
857000 2.33372e-06
858000 2.331e-06
859000 3.49243e-06
860000 4.65116e-06
861000 4.64576e-06
862000 5.80046e-06
863000 4.63499e-06
864000 3.47222e-06
865000 8.09249e-06
866000 2.30947e-06
867000 3.46021e-06
868000 9.21659e-06
869000 8.05524e-06
870000 2.29885e-06
871000 3.44432e-06
872000 3.44037e-06
873000 5.72738e-06
874000 8.00915e-06
875000 4.57143e-06
876000 4.56621e-06
877000 4.561e-06
878000 4.55581e-06
879000 4.55063e-06
880000 5.68182e-06
881000 4.5403e-06
882000 4.53515e-06
883000 4.53001e-06
884000 3.39367e-06
885000 1.58192e-05
886000 7.90068e-06
887000 5.63698e-06
888000 5.63063e-06
889000 4.49944e-06
890000 4.49438e-06
891000 4.48934e-06
892000 4.4843e-06
893000 1.11982e-05
894000 4.47427e-06
895000 4.46927e-06
896000 5.58036e-06
897000 4.45931e-06
898000 4.45434e-06
899000 5.56174e-06
900000 4.44444e-06
901000 4.43951e-06
902000 5.54324e-06
903000 5.5371e-06
904000 7.74336e-06
905000 5.52486e-06
906000 4.41501e-06
907000 4.41014e-06
908000 5.50661e-06
909000 3.30033e-06
910000 3.2967e-06
911000 4.39078e-06
912000 3.28947e-06
913000 4.38116e-06
914000 4.37637e-06
915000 4.37158e-06
916000 4.36681e-06
917000 4.36205e-06
918000 4.3573e-06
919000 5.4407e-06
920000 3.26087e-06
921000 4.34311e-06
922000 4.33839e-06
923000 4.33369e-06
924000 4.329e-06
925000 5.40541e-06
926000 3.23974e-06
927000 3.23625e-06
928000 5.38793e-06
929000 8.61141e-06
930000 8.60215e-06
931000 5.37057e-06
932000 4.29185e-06
933000 3.21543e-06
934000 2.14133e-06
935000 4.27807e-06
936000 3.20513e-06
937000 4.26894e-06
938000 5.33049e-06
939000 4.25985e-06
940000 4.25532e-06
941000 1.0627e-06
942000 2.12314e-06
943000 3.18134e-06
944000 3.17797e-06
945000 1.0582e-06
946000 3.17125e-06
947000 2.11193e-06
948000 1.05485e-06
949000 1.05374e-06
950000 3.15789e-06
951000 2.10305e-06
952000 1.36555e-05
953000 8.39454e-06
954000 7.33753e-06
955000 6.28272e-06
956000 5.23013e-06
957000 5.22466e-06
958000 5.21921e-06
959000 4.17101e-06
960000 5.20833e-06
961000 4.16233e-06
962000 4.158e-06
963000 4.15369e-06
964000 6.22407e-06
965000 4.14508e-06
966000 4.14079e-06
967000 5.17063e-06
968000 4.13223e-06
969000 5.15996e-06
970000 4.12371e-06
971000 5.14933e-06
972000 9.25926e-06
973000 5.13875e-06
974000 4.10678e-06
975000 2.05128e-06
976000 3.07377e-06
977000 1.02354e-06
978000 1.02249e-06
979000 2.0429e-06
980000 1.02041e-06
981000 3.0581e-06
982000 2.03666e-06
983000 1.01729e-06
984000 1.01626e-06
985000 1.01523e-06
986000 1.0142e-06
987000 2.02634e-06
988000 1.01215e-06
989000 1.01112e-06
990000 1.0101e-06
991000 2.01816e-06
992000 1.00806e-06
993000 1.00705e-05
994000 6.03622e-06
995000 6.03015e-06
996000 5.02008e-06
997000 4.01204e-06
998000 4.00802e-06
999000 2.1021e-05
1000000 4e-06
1001000 4.995e-06
1002000 4.99002e-06
1003000 3.98804e-06
1004000 5.9761e-06
1005000 3.9801e-06
1006000 5.96421e-06
1007000 3.97219e-06
1008000 3.96825e-06
1009000 4.9554e-06
1010000 3.9604e-06
1011000 5.93472e-06
1012000 3.95257e-06
1013000 4.93583e-06
1014000 3.94477e-06
1015000 4.92611e-06
1016000 3.93701e-06
1017000 3.93314e-06
1018000 3.92927e-06
1019000 4.90677e-06
1020000 4.90196e-06
1021000 4.89716e-06
1022000 4.89237e-06
1023000 4.88759e-06
1024000 4.88281e-06
1025000 4.87805e-06
1026000 4.87329e-06
1027000 4.86855e-06
1028000 3.89105e-06
1029000 3.88727e-06
1030000 1.94175e-06
1031000 4.84966e-06
1032000 3.87597e-06
1033000 9.68054e-07
1034000 4.83559e-06
1035000 7.72947e-06
1036000 2.89575e-06
1037000 2.89296e-06
1038000 1.92678e-06
1039000 9.62464e-07
1040000 2.88462e-06
1041000 3.84246e-06
1042000 3.83877e-06
1043000 3.83509e-06
1044000 2.87356e-06
1045000 1.91388e-06
1046000 1.91205e-06
1047000 9.5511e-07
1048000 1.9084e-06
1049000 9.53289e-07
1050000 1.90476e-06
