6000 0.0001
7000 4.7619e-05
8000 4.16667e-05
9000 6.66667e-05
10000 2.66667e-05
11000 6.06061e-05
12000 1.11111e-05
13000 1.53846e-05
14000 2.85714e-05
15000 3.11111e-05
16000 2.08333e-05
17000 3.92157e-06
18000 2.59259e-05
19000 2.80702e-05
20000 2.33333e-05
21000 1.5873e-05
22000 3.0303e-06
23000 0
24000 2.77778e-05
25000 1.33333e-05
26000 0
27000 2.22222e-05
28000 2.61905e-05
29000 9.1954e-06
30000 2.22222e-06
31000 1.07527e-05
32000 1.45833e-05
33000 1.41414e-05
34000 1.37255e-05
35000 1.33333e-05
36000 1.48148e-05
37000 1.08108e-05
38000 1.22807e-05
39000 1.02564e-05
40000 1.16667e-05
41000 9.7561e-06
42000 1.26984e-05
43000 7.75194e-06
44000 7.57576e-06
45000 5.92593e-06
46000 7.24638e-06
47000 4.25532e-06
48000 8.33333e-06
49000 8.16327e-06
50000 1.06667e-05
51000 6.53595e-06
52000 5.12821e-06
53000 8.80503e-06
54000 8.64198e-06
55000 7.27273e-06
56000 3.57143e-06
57000 8.18713e-06
58000 0
59000 9.03955e-06
60000 3.33333e-06
61000 1.0929e-06
62000 9.67742e-06
63000 7.40741e-06
64000 4.16667e-06
65000 7.17949e-06
66000 3.0303e-06
67000 3.9801e-06
68000 7.84314e-06
69000 2.89855e-06
70000 3.80952e-06
71000 1.87793e-06
72000 5.55556e-06
73000 5.47945e-06
74000 2.7027e-06
75000 4.44444e-06
76000 6.14035e-06
77000 6.06061e-06
78000 5.12821e-06
79000 5.90717e-06
80000 5e-06
81000 2.46914e-06
82000 4.06504e-06
83000 5.62249e-06
84000 4.7619e-06
85000 5.4902e-06
86000 4.65116e-06
87000 5.36398e-06
88000 4.54545e-06
89000 4.49438e-06
90000 6.66667e-06
91000 5.12821e-06
92000 4.34783e-06
93000 4.30108e-06
94000 6.38298e-06
95000 2.80702e-06
96000 2.08333e-06
97000 8.24742e-06
98000 5.44218e-06
99000 2.0202e-06
100000 2.66667e-06
101000 3.30033e-06
102000 3.26797e-06
103000 2.589e-06
104000 1.28205e-06
105000 4.44444e-06
106000 1.88679e-06
107000 4.36137e-06
108000 3.08642e-06
109000 3.0581e-06
110000 3.0303e-06
111000 3.6036e-06
112000 2.38095e-06
113000 3.53982e-06
114000 2.92398e-06
115000 2.31884e-06
116000 3.44828e-06
117000 6.83761e-06
118000 3.9548e-06
119000 3.36134e-06
120000 4.44444e-06
121000 3.30579e-06
122000 4.91803e-06
123000 3.79404e-06
124000 3.22581e-06
125000 5.33333e-07
126000 1.5873e-06
127000 5.77428e-06
128000 2.60417e-06
129000 4.13437e-06
130000 3.07692e-06
131000 2.03562e-06
132000 4.0404e-06
133000 4.51128e-06
134000 9.95025e-07
135000 0
136000 4.41176e-06
137000 1.45985e-06
138000 1.93237e-06
139000 9.59233e-07
140000 9.52381e-07
141000 1.41844e-06
142000 3.28638e-06
143000 3.7296e-06
144000 3.24074e-06
145000 2.75862e-06
146000 7.30594e-06
147000 4.08163e-06
148000 4.95495e-06
149000 4.02685e-06
150000 3.55556e-06
151000 2.64901e-06
152000 1.75439e-06
153000 3.92157e-06
154000 0
155000 2.15054e-06
156000 1.28205e-06
157000 4.24628e-06
158000 1.26582e-06
159000 2.09644e-06
160000 1.66667e-06
161000 2.07039e-06
162000 2.05761e-06
163000 2.86299e-06
164000 2.43902e-06
165000 3.23232e-06
166000 1.20482e-06
167000 2.39521e-06
168000 1.19048e-06
169000 1.57791e-06
170000 1.17647e-06
171000 0
172000 1.16279e-06
173000 2.6975e-06
174000 3.44828e-06
175000 1.14286e-06
176000 3.78788e-06
177000 2.63653e-06
178000 2.99625e-06
179000 3.35196e-06
180000 3.7037e-06
181000 7.36648e-07
182000 3.663e-07
183000 7.65027e-06
184000 4.34783e-06
185000 3.24324e-06
186000 4.30108e-06
187000 2.13904e-06
188000 7.0922e-07
189000 2.46914e-06
190000 2.45614e-06
191000 1.04712e-06
192000 2.77778e-06
193000 3.10881e-06
194000 3.43643e-07
195000 3.4188e-07
196000 3.40136e-06
197000 3.38409e-07
198000 1.0101e-06
199000 3.35008e-06
200000 1e-06
201000 2.98507e-06
202000 1.32013e-06
203000 1.31363e-06
204000 3.26797e-06
205000 3.25203e-06
206000 3.23625e-07
207000 2.57649e-06
208000 2.24359e-06
209000 9.56938e-07
210000 3.1746e-07
211000 1.57978e-06
212000 9.43396e-07
213000 2.8169e-06
214000 2.49221e-06
215000 2.48062e-06
216000 2.16049e-06
217000 1.5361e-06
218000 2.75229e-06
219000 6.08828e-07
220000 1.81818e-06
221000 2.41327e-06
222000 1.5015e-06
223000 2.39163e-06
224000 2.38095e-06
225000 5.92593e-07
226000 1.76991e-06
227000 1.46843e-06
228000 2.92398e-07
229000 0
230000 8.69565e-07
231000 2.886e-07
232000 1.43678e-06
233000 1.71674e-06
234000 2.849e-06
235000 1.98582e-06
236000 2.25989e-06
237000 1.12518e-06
238000 1.96078e-06
239000 1.67364e-06
240000 2.5e-06
241000 2.213e-06
242000 1.65289e-06
243000 5.48697e-07
244000 2.45902e-06
245000 2.17687e-06
246000 1.35501e-06
247000 0
248000 1.6129e-06
249000 5.35475e-07
250000 8e-07
251000 5.31208e-07
252000 1.32275e-06
253000 1.84453e-06
254000 2.09974e-06
255000 1.04575e-06
256000 1.30208e-06
257000 1.29702e-06
258000 5.16796e-07
259000 7.72201e-07
260000 1.02564e-06
261000 1.02171e-06
262000 0
263000 5.06971e-07
264000 2.27273e-06
265000 5.03145e-07
266000 2.25564e-06
267000 1.9975e-06
268000 1.99005e-06
269000 7.43494e-07
270000 9.87654e-07
271000 1.96802e-06
272000 4.90196e-07
273000 9.76801e-07
274000 4.86618e-07
275000 1.69697e-06
276000 2.41546e-06
277000 1.68472e-06
278000 1.91847e-06
279000 1.43369e-06
280000 2.14286e-06
281000 9.48992e-07
282000 1.18203e-06
283000 1.41343e-06
284000 2.11268e-06
285000 7.01754e-07
286000 1.6317e-06
287000 1.62602e-06
288000 1.85185e-06
289000 2.07612e-06
290000 6.89655e-07
291000 4.5819e-07
292000 4.56621e-07
293000 9.10125e-07
294000 4.53515e-07
295000 9.03955e-07
296000 6.75676e-07
297000 2.24467e-07
298000 6.71141e-07
299000 2.22965e-06
300000 1.77778e-06
301000 8.85936e-07
302000 2.20751e-06
303000 4.40044e-07
304000 1.75439e-06
305000 1.31148e-06
306000 1.96078e-06
307000 1.52009e-06
308000 1.2987e-06
309000 4.31499e-07
310000 1.50538e-06
311000 4.28725e-07
312000 4.2735e-07
313000 1.91693e-06
314000 1.27389e-06
315000 1.48148e-06
316000 1.89873e-06
317000 1.47213e-06
318000 1.67715e-06
319000 1.67189e-06
320000 6.25e-07
321000 8.30737e-07
322000 1.86335e-06
323000 0
324000 1.44033e-06
325000 1.4359e-06
326000 1.63599e-06
327000 1.83486e-06
328000 1.42276e-06
329000 1.82371e-06
330000 1.81818e-06
331000 1.81269e-06
332000 1.20482e-06
333000 1.4014e-06
334000 9.98004e-07
335000 1.99005e-07
336000 1.78571e-06
337000 1.58259e-06
338000 1.97239e-07
339000 2.35988e-06
340000 1.37255e-06
341000 1.36852e-06
342000 0
343000 7.77454e-07
344000 7.75194e-07
345000 1.73913e-06
346000 1.7341e-06
347000 1.72911e-06
348000 1.53257e-06
349000 7.64088e-07
350000 1.14286e-06
351000 1.89934e-07
352000 1.13636e-06
353000 1.88857e-07
354000 1.12994e-06
355000 0
356000 1.1236e-06
357000 0
358000 1.30354e-06
359000 9.28505e-07
360000 1.48148e-06
361000 1.10803e-06
362000 7.36648e-07
363000 1.46924e-06
364000 3.663e-07
365000 1.09589e-06
366000 1.82149e-06
367000 1.08992e-06
368000 1.63043e-06
369000 2.34869e-06
370000 1.44144e-06
371000 2.15633e-06
372000 1.79211e-06
373000 8.93655e-07
374000 1.78253e-06
375000 1.42222e-06
376000 1.59574e-06
377000 7.07339e-07
378000 1.23457e-06
379000 2.81442e-06
380000 1.57895e-06
381000 1.5748e-06
382000 1.7452e-07
383000 6.96258e-07
384000 8.68056e-07
385000 5.19481e-07
386000 1.5544e-06
387000 3.10078e-06
388000 2.06186e-06
389000 1.54242e-06
390000 5.12821e-07
391000 1.36402e-06
392000 1.19048e-06
393000 1.18745e-06
394000 1.69205e-06
395000 1.68776e-06
396000 1.3468e-06
397000 8.39631e-07
398000 1.34003e-06
399000 5.01253e-07
400000 5e-07
401000 6.65004e-07
402000 1.65837e-07
403000 1.32341e-06
404000 2.64026e-06
405000 1.8107e-06
406000 1.64204e-06
407000 1.638e-07
408000 1.30719e-06
409000 1.30399e-06
410000 3.25203e-07
411000 1.29765e-06
412000 1.13269e-06
413000 1.29136e-06
414000 8.05153e-07
415000 6.4257e-07
416000 4.80769e-07
417000 1.59872e-06
418000 3.18979e-07
419000 1.43198e-06
420000 1.5873e-07
421000 1.58353e-07
422000 1.4218e-06
423000 7.88022e-07
424000 1.10063e-06
425000 2.66667e-06
426000 3.12989e-07
427000 6.24512e-07
428000 4.6729e-07
429000 3.108e-07
430000 7.75194e-07
431000 1.39211e-06
432000 1.23457e-06
433000 1.69361e-06
434000 1.5361e-07
435000 1.22605e-06
436000 1.52905e-06
437000 3.05111e-07
438000 6.08828e-07
439000 7.59301e-07
440000 7.57576e-07
441000 7.55858e-07
442000 1.5083e-06
443000 1.3544e-06
444000 3.003e-07
445000 4.49438e-07
446000 5.97907e-07
447000 4.47427e-07
448000 1.19048e-06
449000 2.96956e-07
450000 4.44444e-07
451000 2.95639e-07
452000 1.47493e-07
453000 1.47167e-06
454000 1.17474e-06
455000 2.49084e-06
456000 1.02339e-06
457000 1.45879e-06
458000 1.16448e-06
459000 1.16195e-06
460000 1.44928e-06
461000 1.15691e-06
462000 1.1544e-06
463000 1.72786e-06
464000 1.14943e-06
465000 2.86738e-07
466000 1.00143e-06
467000 2.8551e-07
468000 2.849e-07
469000 4.26439e-07
470000 2.83688e-07
471000 1.41543e-06
472000 1.41243e-06
473000 5.63777e-07
474000 1.54712e-06
475000 4.21053e-07
476000 2.80112e-07
477000 1.53739e-06
478000 1.25523e-06
479000 5.56715e-07
480000 5.55556e-07
481000 4.158e-07
482000 2.76625e-07
483000 6.90131e-07
484000 1.23967e-06
485000 1.51203e-06
486000 8.23045e-07
487000 9.58248e-07
488000 1.36612e-07
489000 1.36333e-06
490000 5.44218e-07
491000 1.08622e-06
492000 9.48509e-07
493000 9.46586e-07
494000 5.39811e-07
495000 8.08081e-07
496000 1.6129e-06
497000 1.34138e-07
498000 1.20482e-06
499000 2.67201e-07
500000 8e-07
501000 1.1976e-06
502000 1.06242e-06
503000 2.65076e-07
504000 0
505000 1.32013e-07
506000 2.63505e-07
507000 6.57462e-07
508000 6.56168e-07
509000 7.85855e-07
510000 9.15033e-07
511000 0
512000 7.8125e-07
513000 1.29955e-07
514000 1.03761e-06
515000 6.47249e-07
516000 1.16279e-06
517000 1.03159e-06
518000 1.287e-06
519000 2.56904e-07
520000 1.41026e-06
521000 7.67754e-07
522000 8.93997e-07
523000 1.14723e-06
524000 1.52672e-06
525000 1.39683e-06
526000 1.7744e-06
527000 1.64453e-06
528000 1.13636e-06
529000 8.82168e-07
530000 2.51572e-07
531000 1.25549e-07
532000 1.00251e-06
533000 3.75235e-07
534000 7.49064e-07
535000 3.73832e-07
536000 1.24378e-07
537000 1.11732e-06
538000 9.91326e-07
539000 6.18429e-07
540000 7.40741e-07
541000 1.23229e-07
542000 1.10701e-06
543000 1.22775e-07
544000 0
545000 3.66972e-07
546000 9.76801e-07
547000 8.53138e-07
548000 7.29927e-07
549000 1.0929e-06
550000 1.09091e-06
551000 1.20992e-07
552000 1.08696e-06
553000 1.3261e-06
554000 3.61011e-07
555000 1.2012e-06
556000 4.79616e-07
557000 1.0772e-06
558000 9.55795e-07
559000 4.77042e-07
560000 1.07143e-06
561000 3.56506e-07
562000 1.06762e-06
563000 1.18413e-07
564000 1.18203e-07
565000 7.07965e-07
566000 3.53357e-07
567000 3.52734e-07
568000 0
569000 1.75747e-06
570000 1.63743e-06
571000 1.86807e-06
572000 9.32401e-07
573000 1.16347e-06
574000 1.0453e-06
575000 1.27536e-06
576000 1.27315e-06
577000 1.03986e-06
578000 8.07382e-07
579000 2.30282e-07
580000 1.03448e-06
581000 8.03213e-07
582000 4.5819e-07
583000 1.14351e-07
584000 6.84932e-07
585000 3.4188e-07
586000 3.41297e-07
587000 6.81431e-07
588000 3.40136e-07
589000 1.13186e-06
590000 1.24294e-06
591000 1.12803e-07
592000 9.00901e-07
593000 1.12423e-06
594000 1.12233e-07
595000 6.72269e-07
596000 8.94855e-07
597000 4.46678e-07
598000 6.68896e-07
599000 2.22593e-07
600000 6.66667e-07
601000 1.10926e-06
602000 1.21816e-06
603000 4.42233e-07
604000 4.41501e-07
605000 8.81543e-07
606000 2.20022e-07
607000 1.0983e-06
608000 6.57895e-07
609000 8.75753e-07
610000 8.74317e-07
611000 2.18221e-07
612000 3.26797e-07
613000 8.70038e-07
614000 3.25733e-07
615000 0
616000 3.24675e-07
617000 9.72447e-07
618000 9.70874e-07
619000 2.15401e-07
620000 6.45161e-07
621000 5.36769e-07
622000 1.17899e-06
623000 2.14018e-07
624000 1.06838e-07
625000 2.13333e-07
626000 3.19489e-07
627000 1.06326e-06
628000 6.36943e-07
629000 6.3593e-07
630000 8.46561e-07
631000 6.33914e-07
632000 9.49367e-07
633000 1.1585e-06
634000 9.46372e-07
635000 3.14961e-07
636000 1.15304e-06
637000 1.15123e-06
638000 7.31452e-07
639000 2.08659e-07
640000 1.14583e-06
641000 1.04004e-07
642000 6.23053e-07
643000 1.03681e-06
644000 1.0352e-06
645000 2.06718e-07
646000 8.25593e-07
647000 9.27357e-07
648000 4.11523e-07
649000 1.12994e-06
650000 1.02564e-06
651000 7.16846e-07
652000 6.13497e-07
653000 3.06279e-07
654000 8.15494e-07
655000 2.03562e-07
656000 1.01626e-07
657000 8.11771e-07
658000 3.03951e-07
659000 2.02327e-07
660000 1.0101e-07
661000 8.06858e-07
662000 9.06344e-07
663000 1.10608e-06
664000 3.01205e-07
665000 4.01003e-07
666000 2.002e-07
667000 3.998e-07
668000 3.99202e-07
669000 4.98256e-07
670000 1.99005e-07
671000 5.96125e-07
672000 2.97619e-07
673000 8.9153e-07
674000 9.8912e-07
675000 6.91358e-07
676000 3.94477e-07
677000 3.93895e-07
678000 1.96657e-07
679000 9.81836e-08
680000 2.94118e-07
681000 8.81057e-07
682000 4.88759e-07
683000 7.80869e-07
684000 9.74659e-07
685000 7.78589e-07
686000 8.74636e-07
687000 9.70403e-07
688000 9.68992e-07
689000 8.70827e-07
690000 7.72947e-07
691000 7.71828e-07
692000 2.89017e-07
693000 7.69601e-07
694000 1.05668e-06
695000 2.8777e-07
696000 8.62069e-07
697000 9.5648e-07
698000 9.5511e-07
699000 2.86123e-07
700000 6.66667e-07
701000 0
702000 4.74834e-07
703000 2.84495e-07
704000 5.68182e-07
705000 5.67376e-07
706000 5.66572e-07
707000 9.42951e-08
708000 2.82486e-07
709000 2.82087e-07
710000 9.38967e-07
711000 2.81294e-07
712000 5.61798e-07
713000 9.35016e-07
714000 3.73483e-07
715000 4.662e-07
716000 1.02421e-06
717000 7.4384e-07
718000 8.35655e-07
719000 2.78164e-07
720000 9.25926e-07
721000 9.24642e-08
722000 1.0157e-06
723000 2.76625e-07
724000 2.76243e-07
725000 7.35632e-07
726000 2.75482e-07
727000 9.17011e-08
728000 2.74725e-07
729000 6.40146e-07
730000 7.30594e-07
731000 2.73598e-07
732000 3.64299e-07
733000 2.72851e-07
734000 1.81653e-07
735000 7.25624e-07
736000 9.05797e-07
737000 6.33198e-07
738000 1.80668e-07
739000 4.5106e-07
740000 9.00901e-07
741000 7.19748e-07
742000 8.08625e-07
743000 8.97263e-08
744000 3.58423e-07
745000 2.68456e-07
746000 7.14924e-07
747000 5.35475e-07
748000 8.02139e-07
749000 1.78015e-07
750000 8.88889e-08
751000 7.10164e-07
752000 7.0922e-07
753000 1.77069e-07
754000 1.76835e-07
755000 8.83002e-07
756000 4.40917e-07
757000 7.92602e-07
758000 8.79507e-07
759000 7.02679e-07
760000 9.64912e-07
761000 6.13228e-07
762000 1.74978e-07
763000 1.22324e-06
764000 7.8534e-07
765000 7.84314e-07
766000 7.8329e-07
767000 7.82269e-07
768000 3.47222e-07
769000 2.60078e-07
770000 5.19481e-07
771000 8.64678e-07
772000 3.45423e-07
773000 4.3122e-07
774000 2.58398e-07
775000 6.88172e-07
776000 5.15464e-07
777000 3.432e-07
778000 8.56898e-07
779000 7.70218e-07
780000 5.98291e-07
781000 1.70721e-07
782000 3.41006e-07
783000 9.36569e-07
784000 8.5034e-07
785000 1.69851e-07
786000 1.69635e-07
787000 1.6942e-07
788000 3.38409e-07
789000 8.44951e-08
790000 4.21941e-07
791000 8.42815e-07
792000 8.41751e-08
793000 5.88483e-07
794000 6.71704e-07
795000 5.03145e-07
796000 8.37521e-08
797000 6.69176e-07
798000 8.35422e-07
799000 6.67501e-07
800000 7.5e-07
801000 2.49688e-07
802000 7.4813e-07
803000 8.3022e-07
804000 8.29187e-08
805000 8.28157e-07
806000 6.61704e-07
807000 8.26105e-07
808000 8.25083e-07
809000 1.64813e-07
810000 7.40741e-07
811000 2.46609e-07
812000 4.10509e-07
813000 9.02009e-07
814000 8.19001e-08
815000 3.27198e-07
816000 7.35294e-07
817000 7.34394e-07
818000 6.51997e-07
819000 2.442e-07
820000 8.13008e-08
821000 4.87211e-07
822000 4.05515e-07
823000 5.67031e-07
824000 6.47249e-07
825000 8.08081e-07
826000 8.07103e-07
827000 2.41838e-07
828000 4.83092e-07
829000 1.60836e-07
830000 7.22892e-07
831000 8.02246e-07
832000 2.40385e-07
833000 8.0032e-07
834000 1.59872e-07
835000 2.39521e-07
836000 7.17703e-07
837000 7.96495e-08
838000 1.35243e-06
839000 1.27135e-06
840000 5.55556e-07
841000 7.92707e-07
842000 7.12589e-07
843000 7.90826e-07
844000 7.109e-07
845000 2.36686e-07
846000 3.15209e-07
847000 2.36128e-07
848000 2.35849e-07
849000 3.14095e-07
850000 7.84314e-07
851000 7.83392e-07
852000 6.25978e-07
853000 7.034e-07
854000 9.36768e-07
855000 7.01754e-07
856000 8.56698e-07
857000 3.11163e-07
858000 6.21601e-07
859000 7.76096e-08
860000 3.87597e-07
861000 3.09717e-07
862000 1.54679e-07
863000 8.49749e-07
864000 7.71605e-08
865000 3.08285e-07
866000 8.46805e-07
867000 7.68935e-07
868000 6.91244e-07
869000 9.20598e-07
870000 1.22605e-06
871000 7.65404e-07
872000 7.64526e-08
873000 1.5273e-07
874000 2.28833e-07
875000 1.52381e-07
876000 2.28311e-07
877000 4.561e-07
878000 6.83371e-07
879000 7.58438e-08
880000 7.57576e-08
881000 3.78358e-07
882000 3.02343e-07
883000 3.02001e-07
884000 3.01659e-07
885000 1.50659e-07
886000 9.02935e-07
887000 7.51597e-07
888000 5.25526e-07
889000 1.49981e-07
890000 2.24719e-07
891000 4.48934e-07
892000 1.49477e-07
893000 2.98619e-07
894000 1.49142e-07
895000 5.95903e-07
896000 8.18452e-07
897000 6.68896e-07
898000 7.4239e-07
899000 8.89878e-07
900000 2.96296e-07
901000 8.87902e-07
902000 7.39098e-07
903000 5.90624e-07
904000 6.63717e-07
905000 2.20994e-07
906000 3.67918e-07
907000 2.20507e-07
908000 6.60793e-07
909000 2.20022e-07
910000 2.9304e-07
911000 2.92719e-07
912000 3.65497e-07
913000 5.84155e-07
914000 2.91758e-07
915000 7.28597e-07
916000 1.4556e-07
917000 2.90803e-07
918000 6.53595e-07
919000 5.07798e-07
920000 2.17391e-07
921000 7.23851e-07
922000 5.78453e-07
923000 5.77826e-07
924000 7.21501e-08
925000 7.20721e-08
926000 7.19942e-07
927000 2.1575e-07
928000 1.43678e-07
929000 2.15285e-07
930000 4.30108e-07
931000 7.16076e-08
932000 5.00715e-07
933000 7.14541e-08
934000 3.56888e-07
935000 2.13904e-07
936000 5.69801e-07
937000 7.8264e-07
938000 7.10732e-07
939000 7.09975e-07
940000 6.38298e-07
941000 4.2508e-07
942000 1.41543e-07
943000 2.82785e-07
944000 4.9435e-07
945000 6.34921e-07
946000 1.40944e-07
947000 4.92784e-07
948000 2.1097e-07
949000 2.80998e-07
950000 3.50877e-07
951000 6.30915e-07
952000 2.80112e-07
953000 2.09864e-07
954000 6.98812e-08
955000 4.18848e-07
956000 1.11576e-06
957000 1.39324e-07
958000 3.47947e-07
959000 6.95169e-07
960000 2.08333e-07
961000 6.93722e-08
962000 1.386e-07
963000 4.84597e-07
964000 7.60719e-07
965000 7.59931e-07
966000 5.52105e-07
967000 6.89417e-07
968000 1.37741e-07
969000 1.37599e-07
970000 4.811e-07
971000 6.1792e-07
972000 5.48697e-07
973000 8.22199e-07
974000 2.05339e-07
975000 2.73504e-07
976000 4.78142e-07
977000 5.45889e-07
978000 1.36333e-07
979000 4.76677e-07
980000 7.48299e-07
981000 6.11621e-07
982000 4.75221e-07
983000 1.35639e-07
984000 1.35501e-07
985000 3.38409e-07
986000 2.70453e-07
987000 6.07903e-07
988000 2.69906e-07
989000 5.39265e-07
990000 6.06061e-07
991000 2.69088e-07
992000 4.7043e-07
993000 5.37093e-07
994000 5.36553e-07
995000 7.37018e-07
996000 2.67738e-07
997000 2.00602e-07
998000 1.33601e-07
999000 6.67334e-07
1000000 1.33333e-07
1001000 6.66001e-07
1002000 6.65336e-07
1003000 6.64673e-07
1004000 5.9761e-07
1005000 7.29685e-07
1006000 6.62691e-08
1007000 3.31016e-07
1008000 7.27513e-07
1009000 6.6072e-07
1010000 5.94059e-07
1011000 1.97824e-07
1012000 7.24638e-07
1013000 6.58111e-07
1014000 6.57462e-07
1015000 6.56814e-07
1016000 1.9685e-07
1017000 6.55523e-07
1018000 2.61952e-07
1019000 7.1966e-07
1020000 1.96078e-07
1021000 4.57068e-07
1022000 5.21853e-07
1023000 6.51678e-08
1024000 6.51042e-07
1025000 3.25203e-07
1026000 3.89864e-07
1027000 5.19312e-07
1028000 5.18807e-07
1029000 5.8309e-07
1030000 4.53074e-07
1031000 1.93986e-07
1032000 1.29199e-07
1033000 0
1034000 1.93424e-07
1035000 4.50886e-07
1036000 1.9305e-07
1037000 1.92864e-07
1038000 6.42261e-08
1039000 1.28329e-07
1040000 4.48718e-07
1041000 7.68492e-07
1042000 5.11836e-07
1043000 1.91755e-07
1044000 5.74713e-07
1045000 1.91388e-07
1046000 5.09879e-07
1047000 2.54696e-07
1048000 5.72519e-07
1049000 1.27105e-07
1050000 4.44444e-07
