6000 0.0001
7000 5.71429e-05
8000 0.000166667
9000 3.7037e-05
10000 3.33333e-05
11000 3.0303e-05
12000 2.22222e-05
13000 3.07692e-05
14000 4.28571e-05
15000 4e-05
16000 3.33333e-05
17000 9.80392e-05
18000 2.22222e-05
19000 8.07018e-05
20000 5.66667e-05
21000 9.52381e-06
22000 1.21212e-05
23000 1.73913e-05
24000 1.66667e-05
25000 2.13333e-05
26000 1.28205e-05
27000 6.91358e-05
28000 9.52381e-06
29000 1.14943e-05
30000 1.77778e-05
31000 1.93548e-05
32000 3.75e-05
33000 1.41414e-05
34000 7.84314e-06
35000 1.33333e-05
36000 1.11111e-05
37000 1.08108e-05
38000 8.77193e-06
39000 8.54701e-06
40000 1.16667e-05
41000 1.13821e-05
42000 7.93651e-06
43000 6.20155e-06
44000 1.06061e-05
45000 8.88889e-06
46000 5.7971e-06
47000 8.51064e-06
48000 1.11111e-05
49000 6.80272e-06
50000 8e-06
51000 7.84314e-06
52000 7.69231e-06
53000 5.03145e-06
54000 8.64198e-06
55000 7.27273e-06
56000 8.33333e-06
57000 9.35673e-06
58000 4.5977e-06
59000 9.03955e-06
60000 7.77778e-06
61000 0
62000 3.22581e-06
63000 4.2328e-06
64000 8.33333e-06
65000 9.23077e-06
66000 9.09091e-06
67000 6.96517e-06
68000 2.94118e-06
69000 7.72947e-06
70000 9.52381e-06
71000 4.69484e-06
72000 6.48148e-06
73000 2.73973e-06
74000 4.5045e-06
75000 1.77778e-06
76000 6.14035e-06
77000 4.329e-06
78000 5.98291e-06
79000 4.21941e-06
80000 6.66667e-06
81000 4.11523e-06
82000 3.25203e-06
83000 3.21285e-06
84000 4.7619e-06
85000 5.4902e-06
86000 2.32558e-06
87000 4.5977e-06
88000 3.78788e-06
89000 4.49438e-06
90000 2.96296e-06
91000 3.663e-06
92000 3.62319e-06
93000 6.45161e-06
94000 6.38298e-06
95000 6.31579e-06
96000 5.55556e-06
97000 4.811e-06
98000 4.7619e-06
99000 4.0404e-06
100000 4e-06
101000 5.94059e-06
102000 5.22876e-06
103000 7.76699e-06
104000 5.76923e-06
105000 5.07937e-06
106000 3.77358e-06
107000 4.98442e-06
108000 4.32099e-06
109000 1.83486e-06
110000 2.42424e-06
111000 6.00601e-07
112000 1.19048e-06
113000 2.35988e-06
114000 5.26316e-06
115000 2.31884e-06
116000 2.87356e-06
117000 3.4188e-06
118000 3.38983e-06
119000 1.68067e-06
120000 2.22222e-06
121000 2.75482e-06
122000 3.27869e-06
123000 4.33604e-06
124000 3.22581e-06
125000 3.2e-06
126000 2.6455e-06
127000 2.09974e-06
128000 2.08333e-06
129000 5.16796e-06
130000 4.10256e-06
131000 4.58015e-06
132000 5.05051e-07
133000 2.00501e-06
134000 1.49254e-06
135000 2.96296e-06
136000 1.47059e-06
137000 3.89294e-06
138000 9.66184e-07
139000 1.43885e-06
140000 1.90476e-06
141000 9.45626e-07
142000 4.22535e-06
143000 3.2634e-06
144000 1.38889e-06
145000 9.1954e-07
146000 0
147000 9.07029e-07
148000 3.6036e-06
149000 2.23714e-06
150000 8.88889e-07
151000 3.09051e-06
152000 2.19298e-06
153000 3.05011e-06
154000 4.7619e-06
155000 2.58065e-06
156000 4.70085e-06
157000 3.82166e-06
158000 5.06329e-06
159000 4.19287e-06
160000 3.33333e-06
161000 4.14079e-06
162000 3.29218e-06
163000 3.27198e-06
164000 2.84553e-06
165000 2.82828e-06
166000 2.40964e-06
167000 1.59681e-06
168000 3.1746e-06
169000 3.5503e-06
170000 3.52941e-06
171000 1.94932e-06
172000 4.26357e-06
173000 3.85356e-07
174000 7.66284e-07
175000 1.14286e-06
176000 3.78788e-06
177000 1.50659e-06
178000 3.74532e-07
179000 4.09683e-06
180000 3.7037e-07
181000 3.31492e-06
182000 1.0989e-06
183000 2.91439e-06
184000 7.24638e-07
185000 3.96396e-06
186000 2.50896e-06
187000 2.49554e-06
188000 3.19149e-06
189000 2.46914e-06
190000 1.75439e-06
191000 2.44328e-06
192000 7.63889e-06
193000 1.72712e-06
194000 2.06186e-06
195000 1.02564e-06
196000 2.72109e-06
197000 1.35364e-06
198000 2.6936e-06
199000 3.35008e-07
200000 0
201000 6.6335e-07
202000 3.63036e-06
203000 2.62726e-06
204000 1.30719e-06
205000 6.50407e-07
206000 3.23625e-07
207000 3.22061e-06
208000 1.60256e-06
209000 2.23285e-06
210000 2.85714e-06
211000 6.31912e-07
212000 1.25786e-06
213000 2.50391e-06
214000 2.49221e-06
215000 3.10078e-07
216000 2.46914e-06
217000 3.0722e-07
218000 1.83486e-06
219000 3.04414e-07
220000 3.0303e-07
221000 1.20664e-06
222000 0
223000 1.19581e-06
224000 8.92857e-07
225000 8.88889e-07
226000 2.94985e-06
227000 2.64317e-06
228000 5.84795e-06
229000 1.16448e-06
230000 2.31884e-06
231000 8.65801e-07
232000 8.62069e-07
233000 8.58369e-07
234000 5.69801e-07
235000 3.12057e-06
236000 8.47458e-07
237000 2.81294e-07
238000 1.68067e-06
239000 5.5788e-07
240000 2.77778e-06
241000 2.213e-06
242000 8.26446e-07
243000 1.09739e-06
244000 1.91257e-06
245000 2.72109e-07
246000 0
247000 1.34953e-06
248000 1.6129e-06
249000 8.03213e-07
250000 5.33333e-07
251000 1.32802e-06
252000 7.93651e-07
253000 2.10804e-06
254000 1.5748e-06
255000 1.56863e-06
256000 7.8125e-07
257000 0
258000 1.03359e-06
259000 1.5444e-06
260000 1.28205e-06
261000 2.04342e-06
262000 1.78117e-06
263000 2.02788e-06
264000 2.27273e-06
265000 1.00629e-06
266000 2.00501e-06
267000 1.24844e-06
268000 1.49254e-06
269000 1.23916e-06
270000 2.46914e-07
271000 2.46002e-06
272000 1.22549e-06
273000 1.9536e-06
274000 1.70316e-06
275000 1.93939e-06
276000 2.41546e-06
277000 2.40674e-06
278000 9.59233e-07
279000 1.67264e-06
280000 2.14286e-06
281000 7.11744e-07
282000 4.72813e-07
283000 1.88457e-06
284000 1.64319e-06
285000 1.63743e-06
286000 2.0979e-06
287000 0
288000 2.31481e-07
289000 1.84544e-06
290000 1.14943e-06
291000 2.29095e-06
292000 2.28311e-07
293000 1.82025e-06
294000 1.13379e-06
295000 9.03955e-07
296000 6.75676e-07
297000 1.79574e-06
298000 2.23714e-07
299000 1.78372e-06
300000 2e-06
301000 6.64452e-07
302000 4.41501e-07
303000 1.9802e-06
304000 1.75439e-06
305000 6.55738e-07
306000 8.7146e-07
307000 0
308000 2.1645e-06
309000 1.51025e-06
310000 2.15054e-06
311000 1.28617e-06
312000 1.92308e-06
313000 1.06496e-06
314000 2.9724e-06
315000 1.48148e-06
316000 2.1097e-06
317000 1.47213e-06
318000 2.93501e-06
319000 2.08986e-06
320000 2.29167e-06
321000 2.28453e-06
322000 1.65631e-06
323000 1.85759e-06
324000 4.11523e-07
325000 2.05128e-07
326000 8.17996e-07
327000 1.63099e-06
328000 2.03252e-06
329000 1.21581e-06
330000 1.21212e-06
331000 6.0423e-07
332000 1.80723e-06
333000 1.6016e-06
334000 1.79641e-06
335000 5.97015e-07
336000 1.78571e-06
337000 1.38477e-06
338000 1.97239e-07
339000 9.83284e-07
340000 2.15686e-06
341000 5.8651e-07
342000 1.16959e-06
343000 7.77454e-07
344000 1.55039e-06
345000 1.15942e-06
346000 1.54143e-06
347000 1.15274e-06
348000 3.83142e-06
349000 1.33715e-06
350000 1.90476e-06
351000 7.59734e-07
352000 1.89394e-06
353000 1.51086e-06
354000 5.64972e-07
355000 7.51174e-07
356000 5.61798e-07
357000 1.86741e-06
358000 1.8622e-06
359000 1.85701e-06
360000 2.03704e-06
361000 1.84672e-06
362000 1.65746e-06
363000 1.28558e-06
364000 1.64835e-06
365000 1.82648e-06
366000 1.27505e-06
367000 2.17984e-06
368000 1.81159e-06
369000 1.62602e-06
370000 1.8018e-06
371000 1.43756e-06
372000 1.6129e-06
373000 1.42985e-06
374000 7.13012e-07
375000 3.55556e-07
376000 5.31915e-07
377000 1.59151e-06
378000 1.94004e-06
379000 1.23131e-06
380000 8.77193e-07
381000 6.99913e-07
382000 8.726e-07
383000 1.74064e-06
384000 3.47222e-07
385000 3.4632e-07
386000 1.20898e-06
387000 1.03359e-06
388000 3.09278e-06
389000 5.14139e-07
390000 1.7094e-06
391000 1.70503e-07
392000 1.70068e-06
393000 6.78541e-07
394000 1.69205e-07
395000 1.18143e-06
396000 1.85185e-06
397000 1.51134e-06
398000 1.67504e-07
399000 6.68338e-07
400000 3.33333e-07
401000 1.49626e-06
402000 4.97512e-07
403000 1.32341e-06
404000 1.9802e-06
405000 2.63374e-06
406000 1.14943e-06
407000 1.4742e-06
408000 1.63399e-07
409000 1.79299e-06
410000 9.7561e-07
411000 1.29765e-06
412000 1.2945e-06
413000 1.29136e-06
414000 1.61031e-06
415000 1.76707e-06
416000 1.44231e-06
417000 1.27898e-06
418000 1.27592e-06
419000 1.43198e-06
420000 6.34921e-07
421000 1.42518e-06
422000 1.26382e-06
423000 1.10323e-06
424000 4.71698e-07
425000 3.13725e-07
426000 1.09546e-06
427000 6.24512e-07
428000 1.09034e-06
429000 9.32401e-07
430000 1.24031e-06
431000 1.23743e-06
432000 9.25926e-07
433000 1.53965e-06
434000 1.07527e-06
435000 1.53257e-07
436000 3.0581e-07
437000 0
438000 9.13242e-07
439000 1.21488e-06
440000 1.51515e-07
441000 9.07029e-07
442000 1.35747e-06
443000 1.05342e-06
444000 1.5015e-06
445000 2.99625e-07
446000 1.04634e-06
447000 1.19314e-06
448000 1.04167e-06
449000 1.63326e-06
450000 4.44444e-07
451000 5.91279e-07
452000 1.47493e-06
453000 4.41501e-07
454000 1.46843e-06
455000 8.79121e-07
456000 1.31579e-06
457000 1.45879e-07
458000 2.91121e-07
459000 7.26216e-07
460000 1.30435e-06
461000 8.67679e-07
462000 1.0101e-06
463000 1.2959e-06
464000 1.2931e-06
465000 2.86738e-07
466000 1.43062e-06
467000 8.56531e-07
468000 7.12251e-07
469000 4.26439e-07
470000 9.92908e-07
471000 1.41543e-06
472000 1.9774e-06
473000 1.40944e-06
474000 2.81294e-07
475000 1.40351e-06
476000 2.80112e-07
477000 1.1181e-06
478000 1.25523e-06
479000 5.56715e-07
480000 9.72222e-07
481000 1.1088e-06
482000 9.68188e-07
483000 1.10421e-06
484000 2.75482e-07
485000 8.24742e-07
486000 1.23457e-06
487000 6.84463e-07
488000 1.22951e-06
489000 1.22699e-06
490000 6.80272e-07
491000 9.50441e-07
492000 0
493000 1.48749e-06
494000 1.07962e-06
495000 1.07744e-06
496000 2.68817e-07
497000 4.02414e-07
498000 6.69344e-07
499000 2.67201e-07
500000 1.2e-06
501000 3.99202e-07
502000 6.64011e-07
503000 3.97614e-07
504000 3.96825e-07
505000 2.64026e-07
506000 1.44928e-06
507000 1.18343e-06
508000 1.1811e-06
509000 2.61952e-07
510000 1.30719e-06
511000 1.43509e-06
512000 9.11458e-07
513000 1.03964e-06
514000 1.29702e-07
515000 1.5534e-06
516000 1.03359e-06
517000 1.28949e-06
518000 1.1583e-06
519000 2.56904e-07
520000 3.84615e-07
521000 2.55918e-07
522000 1.40485e-06
523000 3.82409e-07
524000 3.81679e-07
525000 1.26984e-07
526000 1.14068e-06
527000 1.26502e-07
528000 2.52525e-07
529000 8.82168e-07
530000 6.28931e-07
531000 1.25549e-07
532000 6.26566e-07
533000 1.25078e-06
534000 8.73908e-07
535000 8.72274e-07
536000 3.73134e-07
537000 9.93172e-07
538000 9.91326e-07
539000 4.94743e-07
540000 8.64198e-07
541000 1.10906e-06
542000 1.23001e-07
543000 9.82198e-07
544000 1.22549e-06
545000 3.66972e-07
546000 9.76801e-07
547000 9.75015e-07
548000 1.09489e-06
549000 2.42866e-07
550000 1.21212e-07
551000 1.20992e-07
552000 1.3285e-06
553000 4.82218e-07
554000 9.62696e-07
555000 6.00601e-07
556000 4.79616e-07
557000 1.0772e-06
558000 8.3632e-07
559000 8.34824e-07
560000 1.19048e-06
561000 1.30719e-06
562000 8.30368e-07
563000 0
564000 3.5461e-07
565000 9.43953e-07
566000 1.06007e-06
567000 2.35156e-07
568000 4.69484e-07
569000 1.05448e-06
570000 1.16959e-06
571000 2.33508e-07
572000 4.662e-07
573000 9.30774e-07
574000 2.32288e-07
575000 4.63768e-07
576000 9.25926e-07
577000 1.03986e-06
578000 1.1534e-06
579000 2.30282e-07
580000 2.29885e-07
581000 5.73723e-07
582000 9.1638e-07
583000 3.43053e-07
584000 1.0274e-06
585000 2.2792e-07
586000 3.41297e-07
587000 3.40716e-07
588000 3.40136e-07
589000 2.26372e-07
590000 4.51977e-07
591000 4.51213e-07
592000 1.01351e-06
593000 0
594000 8.97868e-07
595000 2.2409e-07
596000 8.94855e-07
597000 1.11669e-07
598000 3.34448e-07
599000 1.11297e-07
600000 8.88889e-07
601000 2.21852e-07
602000 3.32226e-07
603000 6.6335e-07
604000 8.83002e-07
605000 1.65289e-06
606000 9.90099e-07
607000 1.42779e-06
608000 8.77193e-07
609000 5.47345e-07
610000 6.55738e-07
611000 4.36443e-07
612000 3.26797e-07
613000 8.70038e-07
614000 1.08578e-07
615000 1.19241e-06
616000 1.19048e-06
617000 9.72447e-07
618000 1.18662e-06
619000 5.38503e-07
620000 3.22581e-07
621000 1.07354e-06
622000 0
623000 3.21027e-07
624000 1.17521e-06
625000 8.53333e-07
626000 7.45474e-07
627000 6.37959e-07
628000 2.12314e-07
629000 2.11977e-07
630000 0
631000 1.05652e-06
632000 2.1097e-07
633000 2.10637e-07
634000 1.15668e-06
635000 1.04987e-07
636000 1.04822e-06
637000 2.09314e-07
638000 2.08986e-07
639000 2.08659e-07
640000 9.375e-07
641000 1.04004e-06
642000 1.76532e-06
643000 1.45153e-06
644000 1.0352e-06
645000 9.30233e-07
646000 8.25593e-07
647000 1.0304e-06
648000 9.25926e-07
649000 5.13611e-07
650000 8.20513e-07
651000 3.0722e-07
652000 3.06748e-07
653000 5.10465e-07
654000 6.11621e-07
655000 1.01781e-07
656000 2.03252e-07
657000 1.52207e-06
658000 1.72239e-06
659000 1.61861e-06
660000 8.08081e-07
661000 8.06858e-07
662000 7.04935e-07
663000 3.01659e-07
664000 1.10442e-06
665000 9.02256e-07
666000 1.1011e-06
667000 1.09945e-06
668000 6.98603e-07
669000 9.96512e-07
670000 9.95025e-08
671000 7.94834e-07
672000 1.09127e-06
673000 8.9153e-07
674000 9.8912e-07
675000 9.87654e-08
676000 2.95858e-07
677000 8.86263e-07
678000 1.96657e-07
679000 7.85469e-07
680000 2.94118e-07
681000 1.07685e-06
682000 1.95503e-07
683000 1.95217e-07
684000 5.84795e-07
685000 3.89294e-07
686000 5.8309e-07
687000 1.94081e-07
688000 1.93798e-07
689000 1.93517e-07
690000 1.93237e-07
691000 6.7535e-07
692000 7.70713e-07
693000 9.62001e-08
694000 1.92123e-07
695000 1.6307e-06
696000 7.66284e-07
697000 1.14778e-06
698000 7.64088e-07
699000 8.58369e-07
700000 0
701000 2.85307e-07
702000 4.74834e-07
703000 9.48317e-07
704000 2.84091e-07
705000 1.04019e-06
706000 1.88857e-07
707000 1.8859e-07
708000 1.88324e-07
709000 3.76117e-07
710000 8.4507e-07
711000 9.37647e-07
712000 7.49064e-07
713000 1.87003e-07
714000 3.73483e-07
715000 7.45921e-07
716000 1.8622e-07
717000 8.3682e-07
718000 2.78552e-07
719000 1.01994e-06
720000 5.55556e-07
721000 2.77393e-07
722000 3.69344e-07
723000 5.5325e-07
724000 9.2081e-07
725000 3.67816e-07
726000 9.18274e-07
727000 8.25309e-07
728000 3.663e-07
729000 2.74348e-07
730000 8.21918e-07
731000 4.55996e-07
732000 9.10747e-08
733000 7.27603e-07
734000 6.35786e-07
735000 7.25624e-07
736000 8.15217e-07
737000 1.80914e-07
738000 8.13008e-07
739000 3.60848e-07
740000 9.00901e-07
741000 9.89654e-07
742000 7.18778e-07
743000 8.07537e-07
744000 4.48029e-07
745000 6.26398e-07
746000 5.36193e-07
747000 2.67738e-07
748000 1.78253e-07
749000 2.67023e-07
750000 8.88889e-07
751000 2.66312e-07
752000 7.0922e-07
753000 8.85347e-08
754000 2.65252e-07
755000 7.94702e-07
756000 5.29101e-07
757000 0
758000 2.63852e-07
759000 8.78349e-08
760000 1.75439e-07
761000 8.7604e-08
762000 1.74978e-07
763000 6.98995e-07
764000 9.5986e-07
765000 8.7146e-08
766000 4.35161e-07
767000 1.73837e-07
768000 4.34028e-07
769000 1.73385e-07
770000 6.92641e-07
771000 2.59403e-07
772000 4.31779e-07
773000 9.48685e-07
774000 8.61326e-07
775000 4.30108e-07
776000 4.29553e-07
777000 6.86401e-07
778000 2.57069e-07
779000 2.56739e-07
780000 9.40171e-07
781000 4.26803e-07
782000 4.26257e-07
783000 6.81141e-07
784000 6.80272e-07
785000 5.9448e-07
786000 2.54453e-07
787000 7.62389e-07
788000 2.53807e-07
789000 5.06971e-07
790000 3.37553e-07
791000 3.37126e-07
792000 7.57576e-07
793000 8.40689e-07
794000 1.67926e-07
795000 9.22432e-07
796000 9.21273e-07
797000 2.50941e-07
798000 8.35422e-08
799000 7.50939e-07
800000 5.83333e-07
801000 5.82605e-07
802000 8.31255e-07
803000 7.47198e-07
804000 8.29187e-07
805000 2.48447e-07
806000 8.2713e-08
807000 9.08715e-07
808000 9.07591e-07
809000 1.64813e-07
810000 1.64609e-07
811000 8.2203e-07
812000 6.56814e-07
813000 1.64002e-07
814000 2.457e-07
815000 7.36196e-07
816000 1.63399e-07
817000 1.63199e-07
818000 8.96496e-07
819000 4.07e-07
820000 2.43902e-07
821000 8.9322e-07
822000 8.1103e-07
823000 5.67031e-07
824000 2.42718e-07
825000 7.27273e-07
826000 3.22841e-07
827000 8.86739e-07
828000 8.05153e-08
829000 2.41255e-07
830000 1.60643e-07
831000 1.60449e-07
832000 7.21154e-07
833000 2.40096e-07
834000 2.39808e-07
835000 3.19361e-07
836000 7.17703e-07
837000 7.16846e-07
838000 4.77327e-07
839000 1.58919e-07
840000 3.96825e-07
841000 7.92707e-08
842000 6.33413e-07
843000 6.32661e-07
844000 2.36967e-07
845000 7.88955e-08
846000 7.88022e-07
847000 3.14837e-07
848000 7.86164e-08
849000 7.85238e-08
850000 2.35294e-07
851000 3.13357e-07
852000 1.56495e-07
853000 4.68933e-07
854000 3.12256e-07
855000 7.01754e-07
856000 8.56698e-07
857000 3.88954e-07
858000 6.21601e-07
859000 3.10438e-07
860000 6.97674e-07
861000 6.19435e-07
862000 7.73395e-08
863000 8.49749e-07
864000 8.48765e-07
865000 4.62428e-07
866000 1.53965e-07
867000 7.68935e-07
868000 1.5361e-07
869000 2.3015e-07
870000 1.53257e-07
871000 1.53081e-07
872000 4.58716e-07
873000 2.29095e-07
874000 3.05111e-07
875000 3.80952e-07
876000 7.61035e-08
877000 4.561e-07
878000 7.59301e-07
879000 6.82594e-07
880000 7.57576e-07
881000 1.51343e-07
882000 4.53515e-07
883000 7.55002e-07
884000 6.03318e-07
885000 4.51977e-07
886000 4.51467e-07
887000 1.50319e-07
888000 6.00601e-07
889000 8.24897e-07
890000 7.49064e-08
891000 8.97868e-07
892000 5.97907e-07
893000 4.47928e-07
894000 5.9657e-07
895000 4.46927e-07
896000 2.23214e-07
897000 8.1754e-07
898000 7.4239e-08
899000 6.67408e-07
900000 8.14815e-07
901000 8.1391e-07
902000 2.21729e-07
903000 7.3828e-07
904000 7.37463e-08
905000 2.94659e-07
906000 2.20751e-07
907000 5.88019e-07
908000 8.07636e-07
909000 5.86725e-07
910000 6.59341e-07
911000 1.46359e-07
912000 7.30994e-08
913000 5.84155e-07
914000 9.48213e-07
915000 7.28597e-07
916000 4.36681e-07
917000 5.81607e-07
918000 7.26216e-07
919000 6.52884e-07
920000 7.24638e-08
921000 1.4477e-07
922000 2.89226e-07
923000 1.44456e-07
924000 7.21501e-08
925000 3.6036e-07
926000 7.19942e-08
927000 7.91082e-07
928000 4.31034e-07
929000 7.17618e-08
930000 2.15054e-07
931000 2.14823e-07
932000 2.14592e-07
933000 2.85816e-07
934000 2.8551e-07
935000 5.7041e-07
936000 2.13675e-07
937000 8.53789e-07
938000 3.55366e-07
939000 5.6798e-07
940000 7.0922e-07
941000 5.66773e-07
942000 2.12314e-07
943000 7.06964e-08
944000 2.11864e-07
945000 6.34921e-07
946000 6.34249e-07
947000 3.51989e-07
948000 2.81294e-07
949000 7.72743e-07
950000 7.01754e-07
951000 7.01016e-07
952000 3.5014e-07
953000 2.09864e-07
954000 1.39762e-07
955000 6.9808e-07
956000 1.3947e-07
957000 6.96621e-07
958000 6.26305e-07
959000 4.86618e-07
960000 7.63889e-07
961000 6.2435e-07
962000 6.93001e-07
963000 1.17688e-06
964000 8.29876e-07
965000 6.21762e-07
966000 2.76052e-07
967000 4.82592e-07
968000 5.50964e-07
969000 6.87994e-07
970000 4.12371e-07
971000 7.55235e-07
972000 5.48697e-07
973000 7.53683e-07
974000 6.16016e-07
975000 6.83761e-07
976000 6.8306e-08
977000 6.82361e-08
978000 5.45331e-07
979000 2.0429e-07
980000 6.12245e-07
981000 6.79579e-07
982000 1.35777e-07
983000 2.03459e-07
984000 4.06504e-07
985000 5.41455e-07
986000 7.43746e-07
987000 6.07903e-07
988000 6.74764e-07
989000 6.06673e-07
990000 4.7138e-07
991000 3.36361e-07
992000 6.04839e-07
993000 1.34273e-07
994000 2.01207e-07
995000 4.69012e-07
996000 1.33869e-07
997000 2.67469e-07
998000 2.67201e-07
999000 4.67134e-07
1000000 3.33333e-07
1001000 2.664e-07
1002000 7.3187e-07
1003000 5.98205e-07
1004000 7.30412e-07
1005000 1.99005e-07
1006000 4.63883e-07
1007000 7.94439e-07
1008000 4.62963e-07
1009000 6.6072e-07
1010000 1.9802e-07
1011000 2.63765e-07
1012000 5.92885e-07
1013000 6.58111e-07
1014000 6.57462e-07
1015000 2.62726e-07
1016000 2.62467e-07
1017000 5.89971e-07
1018000 6.54879e-07
1019000 4.57965e-07
1020000 5.88235e-07
1021000 1.95886e-07
1022000 1.95695e-07
1023000 3.91007e-07
1024000 7.8125e-07
1025000 2.60163e-07
1026000 5.84795e-07
1027000 5.19312e-07
1028000 4.53956e-07
1029000 1.29576e-07
1030000 2.589e-07
1031000 7.11284e-07
1032000 7.10594e-07
1033000 3.22685e-07
1034000 7.0922e-07
1035000 4.50886e-07
1036000 6.43501e-08
1037000 5.78592e-07
1038000 7.06487e-07
1039000 2.56657e-07
1040000 6.41026e-08
1041000 1.28082e-07
1042000 3.83877e-07
1043000 7.67018e-07
1044000 2.55428e-07
1045000 1.27592e-07
1046000 7.01083e-07
1047000 5.09392e-07
1048000 2.54453e-07
1049000 6.35526e-07
1050000 5.07937e-07
