6000 2.22222e-05
7000 9.52381e-06
8000 8.33333e-05
9000 7.40741e-06
10000 1.33333e-05
11000 2.42424e-05
12000 4.44444e-05
13000 5.12821e-05
14000 3.80952e-05
15000 4.44444e-05
16000 3.75e-05
17000 3.13725e-05
18000 2.96296e-05
19000 1.05263e-05
20000 2.33333e-05
21000 2.22222e-05
22000 2.12121e-05
23000 5.7971e-06
24000 1.11111e-05
25000 2.13333e-05
26000 2.05128e-05
27000 1.7284e-05
28000 9.52381e-06
29000 6.89655e-06
30000 1.11111e-05
31000 2.15054e-05
32000 2.08333e-05
33000 1.41414e-05
34000 1.96078e-05
35000 1.71429e-05
36000 9.25926e-06
37000 1.44144e-05
38000 1.22807e-05
39000 1.19658e-05
40000 1e-05
41000 9.7561e-06
42000 9.52381e-06
43000 1.08527e-05
44000 7.57576e-06
45000 4.44444e-06
46000 5.7971e-06
47000 1.13475e-05
48000 8.33333e-06
49000 6.80272e-06
50000 6.66667e-06
51000 9.15033e-06
52000 6.41026e-06
53000 7.54717e-06
54000 8.64198e-06
55000 8.48485e-06
56000 2.38095e-06
57000 2.33918e-06
58000 8.04598e-06
59000 7.9096e-06
60000 6.66667e-06
61000 2.18579e-06
62000 5.37634e-06
63000 6.34921e-06
64000 6.25e-06
65000 3.07692e-06
66000 7.07071e-06
67000 4.97512e-06
68000 9.80392e-06
69000 5.7971e-06
70000 5.71429e-06
71000 5.6338e-06
72000 3.7037e-06
73000 1.82648e-06
74000 5.40541e-06
75000 6.22222e-06
76000 7.01754e-06
77000 2.5974e-06
78000 5.98291e-06
79000 6.75105e-06
80000 2.5e-06
81000 2.46914e-06
82000 4.06504e-06
83000 4.81928e-06
84000 3.96825e-06
85000 3.92157e-06
86000 3.87597e-06
87000 4.5977e-06
88000 2.27273e-06
89000 5.99251e-06
90000 1.25926e-05
91000 4.3956e-06
92000 6.52174e-06
93000 4.30108e-06
94000 4.96454e-06
95000 4.21053e-06
96000 6.94444e-07
97000 6.87285e-07
98000 2.72109e-06
99000 5.38721e-06
100000 6.66667e-06
101000 5.28053e-06
102000 1.30719e-06
103000 6.47249e-07
104000 5.12821e-06
105000 5.71429e-06
106000 4.40252e-06
107000 1.24611e-06
108000 6.17284e-07
109000 4.89297e-06
110000 4.24242e-06
111000 1.8018e-06
112000 5.35714e-06
113000 1.76991e-06
114000 1.75439e-06
115000 4.63768e-06
116000 4.02299e-06
117000 5.69801e-06
118000 1.12994e-06
119000 4.48179e-06
120000 1.11111e-06
121000 2.75482e-06
122000 2.73224e-06
123000 2.16802e-06
124000 1.07527e-06
125000 1.6e-06
126000 1.0582e-06
127000 1.04987e-06
128000 3.125e-06
129000 4.65116e-06
130000 3.07692e-06
131000 2.54453e-06
132000 4.0404e-06
133000 3.00752e-06
134000 3.9801e-06
135000 2.96296e-06
136000 3.43137e-06
137000 2.91971e-06
138000 9.17874e-06
139000 3.83693e-06
140000 2.38095e-06
141000 3.30969e-06
142000 1.87793e-06
143000 2.7972e-06
144000 3.7037e-06
145000 2.75862e-06
146000 1.82648e-06
147000 4.53515e-06
148000 2.25225e-06
149000 2.68456e-06
150000 4.44444e-07
151000 3.97351e-06
152000 0
153000 1.30719e-06
154000 1.7316e-06
155000 8.60215e-07
156000 2.99145e-06
157000 4.67091e-06
158000 8.43882e-07
159000 2.93501e-06
160000 8.33333e-07
161000 3.72671e-06
162000 8.23045e-07
163000 0
164000 1.21951e-06
165000 3.23232e-06
166000 1.20482e-06
167000 2.79441e-06
168000 3.57143e-06
169000 1.57791e-06
170000 0
171000 3.89864e-07
172000 3.87597e-07
173000 3.85356e-06
174000 2.29885e-06
175000 7.61905e-07
176000 7.57576e-07
177000 1.50659e-06
178000 2.99625e-06
179000 7.44879e-07
180000 2.22222e-06
181000 1.10497e-06
182000 3.663e-07
183000 3.64299e-06
184000 3.62319e-06
185000 2.88288e-06
186000 1.07527e-06
187000 2.49554e-06
188000 1.06383e-06
189000 7.05467e-07
190000 2.10526e-06
191000 2.44328e-06
192000 6.94444e-07
193000 6.90846e-07
194000 1.03093e-06
195000 2.39316e-06
196000 2.72109e-06
197000 1.69205e-06
198000 2.3569e-06
199000 6.70017e-07
200000 3.33333e-06
201000 3.31675e-06
202000 2.64026e-06
203000 1.64204e-06
204000 1.96078e-06
205000 2.92683e-06
206000 2.26537e-06
207000 1.61031e-06
208000 2.5641e-06
209000 3.18979e-06
210000 1.26984e-06
211000 2.21169e-06
212000 3.14465e-07
213000 1.25196e-06
214000 2.18069e-06
215000 1.24031e-06
216000 1.54321e-06
217000 9.21659e-07
218000 6.11621e-07
219000 2.43531e-06
220000 3.33333e-06
221000 1.5083e-06
222000 3.003e-06
223000 3.28849e-06
224000 2.97619e-07
225000 1.48148e-06
226000 1.76991e-06
227000 8.81057e-07
228000 8.77193e-07
229000 2.32897e-06
230000 1.15942e-06
231000 2.886e-07
232000 8.62069e-07
233000 1.71674e-06
234000 1.9943e-06
235000 2.83688e-06
236000 1.9774e-06
237000 1.68776e-06
238000 8.40336e-07
239000 5.5788e-07
240000 1.66667e-06
241000 1.38313e-06
242000 2.47934e-06
243000 8.23045e-07
244000 8.19672e-07
245000 2.72109e-06
246000 2.71003e-07
247000 5.39811e-07
248000 2.68817e-07
249000 2.67738e-07
250000 2.4e-06
251000 7.96813e-07
252000 1.0582e-06
253000 2.89855e-06
254000 2.09974e-06
255000 2.61438e-06
256000 5.20833e-07
257000 2.59403e-07
258000 2.06718e-06
259000 2.574e-06
260000 1.28205e-06
261000 2.29885e-06
262000 1.52672e-06
263000 7.60456e-07
264000 1.0101e-06
265000 5.03145e-07
266000 7.5188e-07
267000 7.49064e-07
268000 3.48259e-06
269000 2.47831e-07
270000 2.22222e-06
271000 4.92005e-07
272000 2.20588e-06
273000 2.442e-07
274000 2.43309e-07
275000 1.69697e-06
276000 7.24638e-07
277000 7.22022e-07
278000 1.91847e-06
279000 7.16846e-07
280000 9.52381e-07
281000 2.37248e-06
282000 1.89125e-06
283000 2.35571e-06
284000 2.34742e-07
285000 7.01754e-07
286000 1.8648e-06
287000 4.64576e-07
288000 2.31481e-07
289000 6.92042e-07
290000 1.83908e-06
291000 2.29095e-06
292000 2.28311e-06
293000 2.27531e-06
294000 6.80272e-07
295000 2.25989e-07
296000 0
297000 4.48934e-07
298000 2.23714e-06
299000 6.68896e-07
300000 6.66667e-07
301000 1.99336e-06
302000 2.20751e-07
303000 2.20022e-06
304000 1.53509e-06
305000 1.53005e-06
306000 1.52505e-06
307000 1.08578e-06
308000 4.329e-07
309000 6.47249e-07
310000 0
311000 2.14362e-06
312000 1.7094e-06
313000 1.91693e-06
314000 1.91083e-06
315000 1.0582e-06
316000 1.68776e-06
317000 1.47213e-06
318000 6.28931e-07
319000 4.17973e-07
320000 1.66667e-06
321000 1.66147e-06
322000 4.14079e-07
323000 2.06398e-07
324000 4.11523e-07
325000 4.10256e-07
326000 8.17996e-07
327000 1.63099e-06
328000 4.06504e-07
329000 1.82371e-06
330000 1.21212e-06
331000 2.0141e-07
332000 2.00803e-06
333000 1.2012e-06
334000 1.59681e-06
335000 2.78607e-06
336000 1.98413e-07
337000 7.91296e-07
338000 1.38067e-06
339000 1.57325e-06
340000 5.88235e-07
341000 1.56403e-06
342000 1.75439e-06
343000 5.8309e-07
344000 1.35659e-06
345000 1.93237e-06
346000 5.78035e-07
347000 1.53698e-06
348000 7.66284e-07
349000 1.33715e-06
350000 5.71429e-07
351000 1.89934e-07
352000 9.4697e-07
353000 3.77715e-07
354000 1.88324e-07
355000 1.69014e-06
356000 1.87266e-06
357000 1.68067e-06
358000 1.30354e-06
359000 9.28505e-07
360000 1.85185e-06
361000 1.84672e-07
362000 3.68324e-07
363000 1.10193e-06
364000 7.32601e-07
365000 1.46119e-06
366000 2.00364e-06
367000 1.45322e-06
368000 1.26812e-06
369000 1.44535e-06
370000 7.20721e-07
371000 1.43756e-06
372000 7.16846e-07
373000 5.36193e-07
374000 1.42602e-06
375000 5.33333e-07
376000 5.31915e-06
377000 1.59151e-06
378000 1.94004e-06
379000 1.75901e-07
380000 1.57895e-06
381000 3.49956e-07
382000 8.726e-07
383000 1.74064e-07
384000 1.90972e-06
385000 3.4632e-07
386000 1.72712e-06
387000 1.89492e-06
388000 1.71821e-06
389000 1.7138e-07
390000 1.36752e-06
391000 1.70503e-07
392000 1.19048e-06
393000 0
394000 1.69205e-06
395000 1.51899e-06
396000 1.17845e-06
397000 1.67926e-06
398000 1.67504e-07
399000 1.50376e-06
400000 1.5e-06
401000 1.33001e-06
402000 1.16086e-06
403000 1.65426e-07
404000 3.30033e-07
405000 1.48148e-06
406000 1.64204e-07
407000 1.1466e-06
408000 1.47059e-06
409000 3.25998e-07
410000 1.46341e-06
411000 1.13544e-06
412000 1.2945e-06
413000 1.77563e-06
414000 4.83092e-07
415000 1.60643e-07
416000 3.20513e-07
417000 3.19744e-07
418000 3.18979e-07
419000 1.59109e-06
420000 1.11111e-06
421000 6.33413e-07
422000 1.57978e-07
423000 1.57604e-07
424000 1.25786e-06
425000 1.2549e-06
426000 1.25196e-06
427000 1.40515e-06
428000 3.11526e-07
429000 1.554e-07
430000 3.10078e-07
431000 1.23743e-06
432000 3.08642e-07
433000 1.53965e-07
434000 1.38249e-06
435000 1.37931e-06
436000 1.52905e-07
437000 4.57666e-07
438000 1.52207e-06
439000 6.07441e-07
440000 1.51515e-07
441000 4.53515e-07
442000 1.05581e-06
443000 6.01956e-07
444000 6.00601e-07
445000 1.49813e-06
446000 1.19581e-06
447000 1.49142e-07
448000 5.95238e-07
449000 1.63326e-06
450000 1.33333e-06
451000 4.43459e-07
452000 1.17994e-06
453000 2.94334e-07
454000 5.87372e-07
455000 1.61172e-06
456000 5.84795e-07
457000 1.31291e-06
458000 1.16448e-06
459000 1.45243e-06
460000 1.44928e-07
461000 1.15691e-06
462000 1.443e-06
463000 7.19942e-07
464000 2.87356e-07
465000 0
466000 4.29185e-07
467000 1.57031e-06
468000 1.28205e-06
469000 1.56361e-06
470000 5.67376e-07
471000 1.41543e-06
472000 4.23729e-07
473000 1.2685e-06
474000 1.40647e-06
475000 8.42105e-07
476000 4.20168e-07
477000 1.25786e-06
478000 1.3947e-06
479000 2.78358e-07
480000 1.11111e-06
481000 4.158e-07
482000 4.14938e-07
483000 1.38026e-07
484000 4.13223e-07
485000 1.09966e-06
486000 1.37174e-06
487000 0
488000 2.73224e-07
489000 1.36333e-07
490000 2.72109e-07
491000 4.07332e-07
492000 8.13008e-07
493000 4.0568e-07
494000 4.04858e-07
495000 6.73401e-07
496000 4.03226e-07
497000 6.70691e-07
498000 1.33869e-07
499000 1.2024e-06
500000 1.06667e-06
501000 2.66134e-07
502000 9.29615e-07
503000 0
504000 2.6455e-07
505000 1.18812e-06
506000 1.44928e-06
507000 5.2597e-07
508000 1.1811e-06
509000 1.17878e-06
510000 2.61438e-07
511000 1.43509e-06
512000 5.20833e-07
513000 0
514000 1.16732e-06
515000 1.0356e-06
516000 5.16796e-07
517000 7.73694e-07
518000 9.00901e-07
519000 1.02762e-06
520000 2.5641e-07
521000 2.55918e-07
522000 3.83142e-07
523000 1.01976e-06
524000 2.54453e-07
525000 1.26984e-07
526000 6.33714e-07
527000 7.59013e-07
528000 1.51515e-06
529000 1.00819e-06
530000 2.51572e-07
531000 5.02197e-07
532000 1.00251e-06
533000 2.50156e-07
534000 9.98752e-07
535000 9.96885e-07
536000 4.97512e-07
537000 1.24146e-06
538000 3.71747e-07
539000 4.94743e-07
540000 1.11111e-06
541000 1.23229e-07
542000 1.23001e-07
543000 3.68324e-07
544000 3.67647e-07
545000 4.89297e-07
546000 0
547000 1.70628e-06
548000 1.70316e-06
549000 1.82149e-06
550000 1.81818e-06
551000 1.20992e-06
552000 1.08696e-06
553000 1.08499e-06
554000 9.62696e-07
555000 4.8048e-07
556000 3.59712e-07
557000 1.19689e-06
558000 7.16846e-07
559000 5.96303e-07
560000 1.07143e-06
561000 7.13012e-07
562000 8.30368e-07
563000 8.28893e-07
564000 5.91017e-07
565000 8.25959e-07
566000 1.06007e-06
567000 1.0582e-06
568000 5.86854e-07
569000 1.17165e-06
570000 1.16959e-06
571000 2.33508e-07
572000 3.4965e-07
573000 8.14427e-07
574000 1.27758e-06
575000 3.47826e-07
576000 6.94444e-07
577000 1.1554e-06
578000 1.1534e-07
579000 9.21128e-07
580000 1.37931e-06
581000 9.17958e-07
582000 2.29095e-07
583000 4.57404e-07
584000 7.99087e-07
585000 4.5584e-07
586000 3.41297e-07
587000 6.81431e-07
588000 3.40136e-07
589000 1.01868e-06
590000 3.38983e-07
591000 4.51213e-07
592000 1.91441e-06
593000 1.79876e-06
594000 7.85634e-07
595000 1.79272e-06
596000 8.94855e-07
597000 5.58347e-07
598000 1.22631e-06
599000 1.22426e-06
600000 2.22222e-07
601000 5.54631e-07
602000 9.96678e-07
603000 3.31675e-07
604000 5.51876e-07
605000 7.7135e-07
606000 8.80088e-07
607000 8.78638e-07
608000 1.09649e-07
609000 8.75753e-07
610000 1.85792e-06
611000 9.81997e-07
612000 5.44662e-07
613000 9.78793e-07
614000 4.34311e-07
615000 8.67209e-07
616000 7.57576e-07
617000 3.24149e-07
618000 8.62999e-07
619000 1.07701e-06
620000 9.67742e-07
621000 5.36769e-07
622000 1.07181e-06
623000 7.49064e-07
624000 6.41026e-07
625000 8.53333e-07
626000 9.58466e-07
627000 1.06326e-06
628000 9.55414e-07
629000 8.47907e-07
630000 7.40741e-07
631000 6.33914e-07
632000 1.05485e-06
633000 1.1585e-06
634000 1.05152e-06
635000 6.29921e-07
636000 5.24109e-07
637000 1.04657e-07
638000 4.17973e-07
639000 9.38967e-07
640000 1.25e-06
641000 9.36037e-07
642000 1.03842e-06
643000 9.33126e-07
644000 9.31677e-07
645000 1.75711e-06
646000 7.22394e-07
647000 1.0304e-06
648000 4.11523e-07
649000 2.05444e-07
650000 9.23077e-07
651000 9.21659e-07
652000 1.02249e-06
653000 9.18836e-07
654000 1.32518e-06
655000 1.32316e-06
656000 1.32114e-06
657000 1.72501e-06
658000 1.21581e-06
659000 1.61861e-06
660000 1.11111e-06
661000 4.03429e-07
662000 9.06344e-07
663000 4.02212e-07
664000 8.03213e-07
665000 7.01754e-07
666000 1.001e-07
667000 9.995e-08
668000 8.98204e-07
669000 1.59442e-06
670000 2.98507e-07
671000 3.97417e-07
672000 9.92063e-07
673000 3.96236e-07
674000 8.90208e-07
675000 5.92593e-07
676000 5.91716e-07
677000 1.96947e-07
678000 8.84956e-07
679000 7.85469e-07
680000 1.96078e-07
681000 3.91581e-07
682000 4.88759e-07
683000 7.80869e-07
684000 3.89864e-07
685000 1.45985e-06
686000 1.069e-06
687000 6.79282e-07
688000 2.90698e-07
689000 3.87034e-07
690000 8.69565e-07
691000 8.68307e-07
692000 8.67052e-07
693000 7.69601e-07
694000 1.92123e-07
695000 3.83693e-07
696000 6.70498e-07
697000 8.60832e-07
698000 9.5511e-07
699000 1.04912e-06
700000 1.14286e-06
701000 1.14123e-06
702000 1.4245e-06
703000 1.04315e-06
704000 4.73485e-07
705000 4.72813e-07
706000 9.44287e-08
707000 1.8859e-07
708000 1.03578e-06
709000 5.64175e-07
710000 2.8169e-07
711000 8.43882e-07
712000 1.02996e-06
713000 9.35016e-07
714000 1.86741e-07
715000 6.52681e-07
716000 6.51769e-07
717000 3.7192e-07
718000 6.49954e-07
719000 8.34492e-07
720000 6.48148e-07
721000 9.24642e-07
722000 4.61681e-07
723000 7.37667e-07
724000 3.68324e-07
725000 3.67816e-07
726000 1.10193e-06
727000 5.50206e-07
728000 3.663e-07
729000 9.14495e-07
730000 1.00457e-06
731000 1.82399e-07
732000 9.10747e-08
733000 1.81901e-07
734000 8.17439e-07
735000 2.72109e-07
736000 9.05797e-07
737000 2.7137e-07
738000 2.71003e-07
739000 1.80424e-07
740000 6.30631e-07
741000 8.99685e-07
742000 5.39084e-07
743000 4.48632e-07
744000 8.06452e-07
745000 7.15884e-07
746000 8.0429e-07
747000 8.92459e-07
748000 9.80392e-07
749000 5.34045e-07
750000 5.33333e-07
751000 5.32623e-07
752000 8.86525e-07
753000 8.85347e-07
754000 7.07339e-07
755000 6.18102e-07
756000 1.76367e-07
757000 1.76134e-07
758000 7.91557e-07
759000 7.90514e-07
760000 8.77193e-07
761000 7.00832e-07
762000 7.87402e-07
763000 6.11621e-07
764000 1.7452e-07
765000 7.84314e-07
766000 1.74064e-07
767000 3.47675e-07
768000 3.47222e-07
769000 7.80234e-07
770000 6.06061e-07
771000 1.72936e-07
772000 8.63558e-08
773000 2.58732e-07
774000 6.89061e-07
775000 1.72043e-07
776000 2.57732e-07
777000 3.432e-07
778000 9.42588e-07
779000 6.84638e-07
780000 2.5641e-07
781000 2.56082e-07
782000 7.67263e-07
783000 3.4057e-07
784000 1.10544e-06
785000 1.35881e-06
786000 8.48176e-07
787000 6.77679e-07
788000 3.38409e-07
789000 8.44951e-08
790000 9.2827e-07
791000 7.58534e-07
792000 4.20875e-07
793000 5.04414e-07
794000 3.35852e-07
795000 2.51572e-07
796000 8.37521e-07
797000 4.18235e-07
798000 7.5188e-07
799000 1.66875e-07
800000 8.33333e-07
801000 7.49064e-07
802000 2.49377e-07
803000 4.98132e-07
804000 9.12106e-07
805000 4.14079e-07
806000 7.44417e-07
807000 4.95663e-07
808000 9.07591e-07
809000 6.5925e-07
810000 2.46914e-07
811000 1.64406e-07
812000 2.46305e-07
813000 3.28003e-07
814000 2.457e-07
815000 3.27198e-07
816000 8.16993e-07
817000 5.71195e-07
818000 8.14996e-08
819000 7.32601e-07
820000 3.25203e-07
821000 4.87211e-07
822000 6.48824e-07
823000 5.67031e-07
824000 8.89968e-07
825000 9.69697e-07
826000 8.07103e-07
827000 1.61225e-07
828000 8.85668e-07
829000 1.60836e-07
830000 8.03213e-07
831000 2.40674e-07
832000 2.40385e-07
833000 2.40096e-07
834000 7.99361e-07
835000 3.19361e-07
836000 2.39234e-07
837000 2.38949e-07
838000 2.38663e-07
839000 5.56218e-07
840000 3.1746e-07
841000 3.96354e-07
842000 3.95883e-07
843000 2.37248e-07
844000 8.68878e-07
845000 9.46746e-07
846000 1.57604e-07
847000 7.87092e-08
848000 2.35849e-07
849000 2.35571e-07
850000 3.92157e-07
851000 6.26714e-07
852000 7.82473e-08
853000 3.12622e-07
854000 4.68384e-07
855000 4.67836e-07
856000 8.56698e-07
857000 3.11163e-07
858000 2.331e-07
859000 7.76096e-07
860000 7.75194e-08
861000 1.00658e-06
862000 4.64037e-07
863000 6.95249e-07
864000 8.48765e-07
865000 6.1657e-07
866000 6.15858e-07
867000 6.15148e-07
868000 7.68049e-07
869000 4.60299e-07
870000 5.36398e-07
871000 4.59242e-07
872000 4.58716e-07
873000 7.6365e-08
874000 5.33944e-07
875000 3.80952e-07
876000 5.32725e-07
877000 3.80084e-07
878000 6.07441e-07
879000 7.58438e-07
880000 7.57576e-07
881000 1.51343e-07
882000 7.55858e-07
883000 6.04002e-07
884000 6.78733e-07
885000 6.02637e-07
886000 7.52445e-08
887000 3.00639e-07
888000 2.25225e-07
889000 4.49944e-07
890000 5.24345e-07
891000 8.23045e-07
892000 3.73692e-07
893000 5.22583e-07
894000 4.47427e-07
895000 6.70391e-07
896000 4.46429e-07
897000 8.1754e-07
898000 2.22717e-07
899000 3.70782e-07
900000 6.66667e-07
901000 8.1391e-07
902000 3.69549e-07
903000 1.77187e-06
904000 0
905000 8.10313e-07
906000 0
907000 6.61521e-07
908000 2.93686e-07
909000 5.86725e-07
910000 3.663e-07
911000 1.46359e-07
912000 7.30994e-07
913000 2.19058e-07
914000 7.29395e-07
915000 1.45719e-07
916000 1.4556e-07
917000 2.18103e-07
918000 4.3573e-07
919000 8.70511e-07
920000 7.97101e-07
921000 2.17155e-07
922000 5.78453e-07
923000 8.66739e-07
924000 5.05051e-07
925000 5.76577e-07
926000 7.19942e-08
927000 5.03416e-07
928000 3.59195e-07
929000 6.45856e-07
930000 1.43369e-07
931000 6.44468e-07
932000 5.00715e-07
933000 5.71633e-07
934000 2.14133e-07
935000 1.42602e-07
936000 2.13675e-07
937000 7.8264e-07
938000 7.10732e-07
939000 4.96983e-07
940000 2.12766e-07
941000 7.08466e-07
942000 6.36943e-07
943000 5.65571e-07
944000 5.64972e-07
945000 5.64374e-07
946000 7.04722e-08
947000 5.63182e-07
948000 7.03235e-08
949000 4.21496e-07
950000 2.10526e-07
951000 7.71118e-07
952000 2.80112e-07
953000 6.99545e-07
954000 5.5905e-07
955000 2.09424e-07
956000 6.9735e-07
957000 6.26959e-07
958000 2.78358e-07
959000 7.64685e-07
960000 5.55556e-07
961000 5.54977e-07
962000 6.93001e-07
963000 6.92281e-07
964000 3.45781e-07
965000 3.45423e-07
966000 8.28157e-07
967000 6.89417e-07
968000 2.06612e-07
969000 1.37599e-07
970000 7.56014e-07
971000 4.11946e-07
972000 6.85871e-07
973000 3.42583e-07
974000 3.42231e-07
975000 6.83761e-07
976000 2.04918e-07
977000 6.14125e-07
978000 8.17996e-07
979000 6.80967e-07
980000 2.72109e-07
981000 4.75705e-07
982000 5.43109e-07
983000 2.71278e-07
984000 2.03252e-07
985000 2.70728e-07
986000 2.70453e-07
987000 6.07903e-07
988000 5.39811e-07
989000 2.02224e-07
990000 6.06061e-07
991000 6.72721e-08
992000 3.36022e-07
993000 4.0282e-07
994000 5.36553e-07
995000 1.34003e-07
996000 6.69344e-08
997000 7.3554e-07
998000 1.33601e-07
999000 5.33867e-07
1000000 2e-07
1001000 5.32801e-07
1002000 1.33067e-07
1003000 1.32935e-07
1004000 5.9761e-07
1005000 1.99005e-07
1006000 7.95229e-07
1007000 3.97219e-07
1008000 5.95238e-07
1009000 1.32144e-07
1010000 7.26073e-07
1011000 6.59413e-07
1012000 1.31752e-07
1013000 5.923e-07
1014000 6.57462e-07
1015000 3.94089e-07
1016000 7.21785e-07
1017000 7.21075e-07
1018000 1.96464e-07
1019000 5.88813e-07
1020000 5.88235e-07
1021000 5.87659e-07
1022000 1.30463e-07
1023000 5.8651e-07
1024000 1.95313e-07
1025000 9.7561e-07
1026000 2.59909e-07
1027000 5.84226e-07
1028000 2.59403e-07
1029000 1.94363e-07
1030000 4.53074e-07
1031000 3.23311e-07
1032000 7.10594e-07
1033000 1.03259e-06
1034000 9.02643e-07
1035000 5.15298e-07
1036000 6.43501e-07
1037000 4.50016e-07
1038000 4.49583e-07
1039000 5.13314e-07
1040000 4.48718e-07
1041000 7.04451e-07
1042000 5.75816e-07
1043000 3.83509e-07
1044000 5.10856e-07
1045000 6.37959e-07
1046000 2.54939e-07
1047000 3.1837e-07
1048000 6.99746e-07
1049000 3.81316e-07
1050000 2.53968e-07
