6000 0.00533333
7000 0.003
8000 0.003
9000 0.003
10000 0.0041
11000 0.00554545
12000 0.00283333
13000 0.00284615
14000 0.00278571
15000 0.00273333
16000 0.0028125
17000 0.00276471
18000 0.00272222
19000 0.00278947
20000 0.00275
21000 0.0027619
22000 0.00268182
23000 0.00273913
24000 0.00270833
25000 0.00272
26000 0.00273077
27000 0.0027037
28000 0.00267857
29000 0.00275862
30000 0.0027
31000 0.00267742
32000 0.00271875
33000 0.00272727
34000 0.00270588
35000 0.00277143
36000 0.00275
37000 0.00686486
38000 0.00673684
39000 0.00666667
40000 0.006675
41000 0.00507317
42000 0.00509524
43000 0.00434884
44000 0.00270455
45000 0.00271111
46000 0.00269565
47000 0.00270213
48000 0.00272917
49000 0.00269388
50000 0.0027
51000 0.00268627
52000 0.00271154
53000 0.00271698
54000 0.0027037
55000 0.00296364
56000 0.00269643
57000 0.00270175
58000 0.0027069
59000 0.00279661
60000 0.00376667
61000 0.0034918
62000 0.00398387
63000 0.0037619
64000 0.00279687
65000 0.0038
66000 0.00268182
67000 0.00416418
68000 0.00569118
69000 0.00507246
70000 0.00507143
71000 0.00440845
72000 0.00391667
73000 0.00290411
74000 0.00268919
75000 0.00277333
76000 0.00273684
77000 0.00271429
78000 0.00269231
79000 0.00268354
80000 0.0026875
81000 0.00462963
82000 0.00484146
83000 0.00291566
84000 0.00269048
85000 0.00314118
86000 0.00269767
87000 0.00268966
88000 0.00269318
89000 0.00302247
90000 0.00358889
91000 0.00269231
92000 0.00267391
93000 0.00268817
94000 0.00317021
95000 0.00276842
96000 0.00269792
97000 0.00438144
98000 0.00391837
99000 0.00268687
100000 0.00269
101000 0.00270297
102000 0.00269608
103000 0.00268932
104000 0.00292308
105000 0.00272381
106000 0.00471698
107000 0.00271963
108000 0.00299074
109000 0.00268807
110000 0.00269091
111000 0.00269369
112000 0.00267857
113000 0.00269027
114000 0.00275439
115000 0.00329565
116000 0.00268966
117000 0.00269231
118000 0.00268644
119000 0.00268908
120000 0.00269167
121000 0.00279339
122000 0.00282787
123000 0.00269919
124000 0.00268548
125000 0.002688
126000 0.00268254
127000 0.00269291
128000 0.0026875
129000 0.00268217
130000 0.00268462
131000 0.00269466
132000 0.00268182
133000 0.00269173
134000 0.00268657
135000 0.00417037
136000 0.00282353
137000 0.00269343
138000 0.00268116
139000 0.00269065
140000 0.00269286
141000 0.00317021
142000 0.00430986
143000 0.00268531
144000 0.0026875
145000 0.00268966
146000 0.00276027
147000 0.00668707
148000 0.00466892
149000 0.00271141
150000 0.00320667
151000 0.00271523
152000 0.00269079
153000 0.00268627
154000 0.00268182
155000 0.00268387
156000 0.00267308
157000 0.0026879
158000 0.00268987
159000 0.00268553
160000 0.00270625
161000 0.00267702
162000 0.00268519
163000 0.00269325
164000 0.00268293
165000 0.00268485
166000 0.00268675
167000 0.00268263
168000 0.00269048
169000 0.00288757
170000 0.00268824
171000 0.00268421
172000 0.00268605
173000 0.00268208
174000 0.00268391
175000 0.00268
176000 0.0026875
177000 0.00269492
178000 0.00267416
179000 0.00267598
180000 0.00268333
181000 0.0028453
182000 0.00268681
183000 0.00268306
184000 0.00267935
185000 0.00268108
186000 0.00267742
187000 0.00268984
188000 0.00269681
189000 0.00268254
190000 0.00268421
191000 0.00270157
192000 0.00267708
193000 0.0026943
194000 0.00267526
195000 0.00268718
196000 0.00268367
197000 0.00268528
198000 0.00267677
199000 0.00268342
200000 0.002685
201000 0.00267662
202000 0.00268317
203000 0.00268473
204000 0.00268627
205000 0.00268293
206000 0.00267961
207000 0.00267633
208000 0.00268269
209000 0.00267943
210000 0.00268095
211000 0.00298578
212000 0.00268396
213000 0.00268075
214000 0.00268224
215000 0.00267907
216000 0.00268056
217000 0.00267742
218000 0.0026789
219000 0.0026758
220000 0.00271364
221000 0.00267873
222000 0.00331982
223000 0.0026861
224000 0.00267857
225000 0.00268444
226000 0.00268584
227000 0.00267841
228000 0.00267982
229000 0.00268122
230000 0.00267826
231000 0.00267532
232000 0.00276293
233000 0.0026824
234000 0.00267949
235000 0.00268085
236000 0.00267797
237000 0.00269198
238000 0.00268908
239000 0.00304184
240000 0.00269167
241000 0.0026805
242000 0.00268182
243000 0.00268313
244000 0.00268443
245000 0.00268571
246000 0.00268293
247000 0.00268016
248000 0.00268145
249000 0.00268273
250000 0.00276
251000 0.00268924
252000 0.00270238
253000 0.00267984
254000 0.0026811
255000 0.00267843
256000 0.00268359
257000 0.00267704
258000 0.00267829
259000 0.0026834
260000 0.00267692
261000 0.00268582
262000 0.00267939
263000 0.00267681
264000 0.00275758
265000 0.00275472
266000 0.00268421
267000 0.00347191
268000 0.00268284
269000 0.00308178
270000 0.00269259
271000 0.00269004
272000 0.00472059
273000 0.00269231
274000 0.00268978
275000 0.00268727
276000 0.00268116
277000 0.0026787
278000 0.00268345
279000 0.00267384
280000 0.00267857
281000 0.00269395
282000 0.00268085
283000 0.00267845
284000 0.0027007
285000 0.00275088
286000 0.003
287000 0.00268641
288000 0.00268056
289000 0.00268166
290000 0.00267586
291000 0.00268041
292000 0.00269521
293000 0.00267918
294000 0.00270408
295000 0.00269153
296000 0.00528716
297000 0.00270707
298000 0.00278188
299000 0.00276923
300000 0.00274
301000 0.00307641
302000 0.00306954
303000 0.00270957
304000 0.00296711
305000 0.00289836
306000 0.00272876
307000 0.00270033
308000 0.00368831
309000 0.00269903
310000 0.00270323
311000 0.00319936
312000 0.0026859
313000 0.0041885
314000 0.00270064
315000 0.00270794
316000 0.00353481
317000 0.0026877
318000 0.00427358
319000 0.00268966
320000 0.0027
321000 0.0033053
322000 0.00268634
323000 0.00391022
324000 0.00299691
325000 0.00276923
326000 0.00270245
327000 0.00268196
328000 0.00270427
329000 0.00284802
330000 0.0044697
331000 0.00270091
332000 0.00338554
333000 0.00268468
334000 0.00334431
335000 0.00275821
336000 0.00270238
337000 0.00449852
338000 0.00269231
339000 0.00269617
340000 0.00661471
341000 0.00324633
342000 0.00268421
343000 0.00442274
344000 0.00298837
345000 0.00271594
346000 0.00268208
347000 0.00268012
348000 0.00268103
349000 0.00268195
350000 0.00267714
351000 0.00267806
352000 0.00268466
353000 0.00268272
354000 0.00270056
355000 0.0027662
356000 0.00268258
357000 0.00267787
358000 0.00277654
359000 0.00431476
360000 0.00268611
361000 0.00271191
362000 0.00267956
363000 0.0026832
364000 0.00273352
365000 0.00267671
366000 0.00268852
367000 0.00273569
368000 0.00268478
369000 0.00276694
370000 0.00268649
371000 0.00268194
372000 0.0026828
373000 0.00267828
374000 0.00268182
375000 0.00268267
376000 0.00268085
377000 0.0026817
378000 0.00268519
379000 0.00273351
380000 0.00268684
381000 0.00267717
382000 0.00268063
383000 0.00268407
384000 0.00267969
385000 0.00285974
386000 0.00274352
387000 0.00391473
388000 0.00329897
389000 0.00267609
390000 0.00268205
391000 0.00268031
392000 0.00268367
393000 0.00270992
394000 0.00267766
395000 0.00268861
396000 0.00269444
397000 0.00268262
398000 0.00268342
399000 0.0026817
400000 0.0026775
401000 0.00268828
402000 0.00661194
403000 0.00440943
404000 0.0027203
405000 0.00272593
406000 0.00276108
407000 0.00271499
408000 0.00268137
409000 0.00533007
410000 0.00300976
411000 0.0026837
412000 0.0066165
413000 0.00268039
414000 0.00268116
415000 0.00268193
416000 0.00268029
417000 0.00273141
418000 0.00492584
419000 0.00268496
420000 0.00385952
421000 0.00269834
422000 0.00268009
423000 0.00268085
424000 0.00269104
425000 0.00268235
426000 0.00268075
427000 0.00267916
428000 0.00286682
429000 0.00275758
430000 0.00281163
431000 0.00267981
432000 0.00268519
433000 0.0026836
434000 0.00267972
435000 0.00268046
436000 0.00268119
437000 0.00268879
438000 0.00268037
439000 0.00269476
440000 0.00279318
441000 0.00584127
442000 0.00278733
443000 0.00274266
444000 0.00268468
445000 0.00269663
446000 0.00268161
447000 0.00268233
448000 0.0026808
449000 0.00269042
450000 0.00392222
451000 0.00268293
452000 0.00280531
453000 0.00284327
454000 0.00669824
455000 0.00273407
456000 0.00269298
457000 0.00272867
458000 0.00268996
459000 0.00272985
460000 0.0027087
461000 0.00268113
462000 0.00269913
463000 0.00272786
464000 0.00271552
465000 0.00271613
466000 0.00271888
467000 0.0026788
468000 0.00282479
469000 0.00267804
470000 0.00267447
471000 0.00306794
472000 0.0026822
473000 0.00278647
474000 0.00269198
475000 0.00505263
476000 0.0027563
477000 0.00268973
478000 0.0026841
479000 0.00268058
480000 0.00268125
481000 0.00267983
482000 0.00268672
483000 0.00268116
484000 0.00269421
485000 0.00268247
486000 0.00273457
487000 0.0027269
488000 0.00270697
489000 0.00268098
490000 0.00268163
491000 0.00268024
492000 0.00271341
493000 0.00267951
494000 0.00268016
495000 0.00268081
496000 0.00291734
497000 0.00301408
498000 0.00267671
499000 0.00366333
500000 0.00268
501000 0.00278443
502000 0.00476892
503000 0.00268787
504000 0.00268254
505000 0.00268119
506000 0.00268182
507000 0.00268047
508000 0.0026811
509000 0.00267976
510000 0.00603725
511000 0.00268689
512000 0.0027207
513000 0.00268616
514000 0.00268093
515000 0.00268155
516000 0.00268605
517000 0.00269246
518000 0.00283012
519000 0.00268015
520000 0.00403846
521000 0.00267946
522000 0.00268008
523000 0.00268451
524000 0.0026813
525000 0.00269143
526000 0.00273004
527000 0.00268121
528000 0.00268939
529000 0.0026862
530000 0.00267925
531000 0.00267985
532000 0.00268045
533000 0.00275985
534000 0.00268727
535000 0.00268224
536000 0.00268097
537000 0.00268343
538000 0.0026803
539000 0.00267904
540000 0.00267963
541000 0.00268207
542000 0.0034428
543000 0.00268508
544000 0.00285846
545000 0.00269725
546000 0.00268498
547000 0.00268921
548000 0.0027427
549000 0.0042969
550000 0.00268182
551000 0.00268058
552000 0.00268116
553000 0.0026962
554000 0.00268231
555000 0.00267748
556000 0.00267986
557000 0.0027325
558000 0.0026828
559000 0.00272809
560000 0.00271964
561000 0.00276292
562000 0.00267972
563000 0.00350977
564000 0.00273582
565000 0.00269204
566000 0.00447173
567000 0.00272134
568000 0.00269542
569000 0.00473286
570000 0.00279825
571000 0.00271629
572000 0.00268357
573000 0.00271553
574000 0.00267944
575000 0.00268
576000 0.00293403
577000 0.00269151
578000 0.00268339
579000 0.00268566
580000 0.00270862
581000 0.00268503
582000 0.00268385
583000 0.00268782
584000 0.00268836
585000 0.00268034
586000 0.00268771
587000 0.00267973
588000 0.00268367
589000 0.00316638
590000 0.00272373
591000 0.00271574
592000 0.00268243
593000 0.00268634
594000 0.0028771
595000 0.00292101
596000 0.00300839
597000 0.0028392
598000 0.00272241
599000 0.0026828
600000 0.00268
601000 0.00275541
602000 0.0027392
603000 0.00386235
604000 0.00268543
605000 0.00452231
606000 0.00330363
607000 0.00291104
608000 0.00278618
609000 0.00268309
610000 0.00268033
611000 0.00271849
612000 0.00268791
613000 0.00268352
614000 0.00269707
615000 0.00272195
616000 0.00268019
617000 0.00268071
618000 0.00267961
619000 0.00271405
620000 0.00268065
621000 0.00271337
622000 0.00269132
623000 0.00268058
624000 0.00270192
625000 0.0026784
626000 0.00271246
627000 0.00268102
628000 0.00296656
629000 0.00268362
630000 0.00268889
631000 0.00289699
632000 0.00278006
633000 0.00273144
634000 0.00273502
635000 0.00271339
636000 0.00268711
637000 0.00267975
638000 0.00268025
639000 0.00269327
640000 0.00267969
641000 0.00271919
642000 0.00268069
643000 0.00268429
644000 0.00268478
645000 0.00267907
646000 0.0027291
647000 0.00268006
648000 0.00285185
649000 0.00268875
650000 0.00268615
651000 0.00268049
652000 0.00267945
653000 0.00270597
654000 0.00268502
655000 0.00267939
656000 0.00267988
657000 0.00312177
658000 0.00435866
659000 0.00271472
660000 0.00268788
661000 0.00268986
662000 0.00269789
663000 0.00268175
664000 0.00268524
665000 0.00268571
666000 0.0026967
667000 0.00268216
668000 0.00377695
669000 0.00268161
670000 0.00273582
671000 0.00308346
672000 0.00269196
673000 0.00269837
674000 0.00268249
675000 0.00268889
676000 0.00281509
677000 0.00268833
678000 0.00269469
679000 0.00268336
680000 0.00268676
681000 0.00268576
682000 0.00297067
683000 0.00268668
684000 0.0026886
685000 0.00287883
686000 0.00294023
687000 0.00268559
688000 0.00382267
689000 0.00269231
690000 0.00268841
691000 0.00275109
692000 0.00268497
693000 0.00274603
694000 0.00268444
695000 0.00268201
696000 0.00268678
697000 0.00268723
698000 0.00299427
699000 0.00273677
700000 0.00268857
701000 0.00268616
702000 0.00297436
703000 0.00268279
704000 0.00269034
705000 0.00277163
706000 0.0031813
707000 0.00268458
708000 0.00286299
709000 0.00268547
710000 0.00268732
711000 0.00271027
712000 0.00267978
713000 0.00268864
714000 0.00271289
715000 0.00268112
716000 0.00271089
717000 0.00268759
718000 0.00269359
719000 0.00268289
720000 0.00276667
721000 0.00271012
722000 0.0029626
723000 0.00270263
724000 0.00269061
725000 0.00268828
726000 0.00284573
727000 0.00285007
728000 0.00271291
729000 0.00268313
730000 0.00268082
731000 0.00268399
732000 0.00337432
733000 0.00268759
734000 0.00268665
735000 0.00268027
736000 0.0027106
737000 0.0026825
738000 0.00290786
739000 0.00273207
740000 0.00268378
741000 0.0027139
742000 0.00269946
743000 0.0027214
744000 0.00470833
745000 0.00268591
746000 0.00268767
747000 0.00274699
748000 0.00269251
749000 0.00268758
750000 0.00268267
751000 0.00268176
752000 0.00270612
753000 0.00298274
754000 0.00465517
755000 0.00268477
756000 0.00751587
757000 0.00268692
758000 0.00268338
759000 0.00380369
760000 0.00268289
761000 0.00270959
762000 0.00268635
763000 0.00592923
764000 0.00271073
765000 0.00268105
766000 0.0031893
767000 0.00275489
768000 0.0026875
769000 0.0026801
770000 0.00270779
771000 0.00268872
772000 0.00269171
773000 0.00268435
774000 0.00286434
775000 0.00395742
776000 0.00271778
777000 0.00268597
778000 0.00268252
779000 0.00269705
780000 0.00270769
781000 0.00268246
782000 0.00268286
783000 0.00271903
784000 0.00270663
785000 0.00271083
786000 0.00268321
787000 0.00267853
788000 0.00386294
789000 0.00483143
790000 0.00268101
791000 0.00268521
792000 0.00268434
793000 0.00268096
794000 0.00268388
795000 0.00564151
796000 0.00272111
797000 0.00271518
798000 0.0026817
799000 0.00268836
800000 0.0027325
801000 0.00271036
802000 0.0026808
803000 0.00268493
804000 0.0026791
805000 0.0031118
806000 0.00271588
807000 0.00268773
808000 0.00268936
809000 0.00282571
810000 0.00268272
811000 0.00269051
812000 0.0027734
813000 0.00268389
814000 0.0026855
815000 0.00271166
816000 0.00475
817000 0.002694
818000 0.00268826
819000 0.00275092
820000 0.00269146
821000 0.00268697
822000 0.00282968
823000 0.00268651
824000 0.00268568
825000 0.00268364
826000 0.00270823
827000 0.00271221
828000 0.00270894
829000 0.00268275
830000 0.00268434
831000 0.00268231
832000 0.00271154
833000 0.00290036
834000 0.00306235
835000 0.00372455
836000 0.00268301
837000 0.00268817
838000 0.00306325
839000 0.00269011
840000 0.00268095
841000 0.00268133
842000 0.00269002
843000 0.00271767
844000 0.00269194
845000 0.00269112
846000 0.00269031
847000 0.00268359
848000 0.00268396
849000 0.00268669
850000 0.00268118
851000 0.00273325
852000 0.0051561
853000 0.0028007
854000 0.0026815
855000 0.00268772
856000 0.00270911
857000 0.00270595
858000 0.00268415
859000 0.00269267
860000 0.00270116
861000 0.00500116
862000 0.00275638
863000 0.00271031
864000 0.00271065
865000 0.00424509
866000 0.00270901
867000 0.00275317
868000 0.00268548
869000 0.00273418
870000 0.00268046
871000 0.0027899
872000 0.00270986
873000 0.00271249
874000 0.00271281
875000 0.00270743
876000 0.0033242
877000 0.00268187
878000 0.00271185
879000 0.00287258
880000 0.00276818
881000 0.00510329
882000 0.0054932
883000 0.00268516
884000 0.00268439
885000 0.00268814
886000 0.00268397
887000 0.00268433
888000 0.00268581
889000 0.00617435
890000 0.00268315
891000 0.00268126
892000 0.00345516
893000 0.00274692
894000 0.00308166
895000 0.00320782
896000 0.00268862
897000 0.0026845
898000 0.00268597
899000 0.00268632
900000 0.00268556
901000 0.00269145
902000 0.00268958
903000 0.00269324
904000 0.00268916
905000 0.0027116
906000 0.00271523
907000 0.00276295
908000 0.00548128
909000 0.00381188
910000 0.00271209
911000 0.00269374
912000 0.00270724
913000 0.00272289
914000 0.00273304
915000 0.00271694
916000 0.00271834
917000 0.00277535
918000 0.00268627
919000 0.00268444
920000 0.00268261
921000 0.00268404
922000 0.00271258
923000 0.00271181
924000 0.00268182
925000 0.00268432
926000 0.0027095
927000 0.00274757
928000 0.00278664
929000 0.00273089
930000 0.00282043
931000 0.00268743
932000 0.00268348
933000 0.00268382
934000 0.002697
935000 0.00594332
936000 0.00503632
937000 0.0026873
938000 0.00268337
939000 0.00271246
940000 0.00268511
941000 0.00269607
942000 0.00269427
943000 0.00269777
944000 0.0026875
945000 0.00271005
946000 0.0026871
947000 0.00271172
948000 0.00273207
949000 0.00268915
950000 0.00268737
951000 0.00270242
952000 0.00272164
953000 0.0026978
954000 0.00272956
955000 0.00268691
956000 0.00271444
957000 0.00312435
958000 0.0026858
959000 0.00272784
960000 0.00273333
961000 0.00313424
962000 0.00273285
963000 0.00283074
964000 0.0027749
965000 0.00268497
966000 0.002706
967000 0.00270217
968000 0.00268698
969000 0.00268421
970000 0.00268557
971000 0.00268898
972000 0.00269444
973000 0.00270709
974000 0.00268378
975000 0.00268205
976000 0.0040748
977000 0.00269191
978000 0.00268609
979000 0.00271706
980000 0.00275
981000 0.00268298
982000 0.00268228
983000 0.00268362
984000 0.00269207
985000 0.00269137
986000 0.00286613
987000 0.00270618
988000 0.00269028
989000 0.0027088
990000 0.00268384
991000 0.00270636
992000 0.00268851
993000 0.00269386
994000 0.00273944
995000 0.00268643
996000 0.00268876
997000 0.00274724
998000 0.00268136
999000 0.00269069
1000000 0.002688
1001000 0.00406294
1002000 0.00271257
1003000 0.00274177
1004000 0.00275797
1005000 0.00268955
1006000 0.00272962
1007000 0.0026852
1008000 0.00268552
1009000 0.00419524
1010000 0.00268812
1011000 0.00275173
1012000 0.00268972
1013000 0.00280059
1014000 0.00678797
1015000 0.00272414
1016000 0.00270374
1017000 0.00269715
1018000 0.00271022
1019000 0.002684
1020000 0.00268235
1021000 0.00277571
1022000 0.00273092
1023000 0.00283871
1024000 0.00275586
1025000 0.00274829
1026000 0.00302047
1027000 0.00280234
1028000 0.00272471
1029000 0.00270262
1030000 0.00268738
1031000 0.00268477
1032000 0.00273062
1033000 0.00268538
1034000 0.00270503
1035000 0.00558551
1036000 0.00268822
1037000 0.0028486
1038000 0.00276686
1039000 0.00273436
1040000 0.0026875
1041000 0.00313256
1042000 0.00272073
1043000 0.00272387
1044000 0.00269732
1045000 0.00268612
1046000 0.00270363
1047000 0.00268863
1048000 0.00274046
1049000 0.00268923
1050000 0.00269143
