6000 0.00366667
7000 0.00314286
8000 0.003125
9000 0.00322222
10000 0.0032
11000 0.00318182
12000 0.00316667
13000 0.00315385
14000 0.003
15000 0.003
16000 0.0029375
17000 0.003
18000 0.00294444
19000 0.003
20000 0.0029
21000 0.003
22000 0.00295455
23000 0.00291304
24000 0.00295833
25000 0.00296
26000 0.00292308
27000 0.00292593
28000 0.00296429
29000 0.00289655
30000 0.00296667
31000 0.00296774
32000 0.0029375
33000 0.00290909
34000 0.00297059
35000 0.0032
36000 0.00727778
37000 0.00559459
38000 0.006
39000 0.00448718
40000 0.00335
41000 0.00473171
42000 0.00392857
43000 0.00334884
44000 0.00295455
45000 0.00297778
46000 0.00295652
47000 0.00487234
48000 0.00454167
49000 0.00577551
50000 0.00662
51000 0.00305882
52000 0.00294231
53000 0.00328302
54000 0.00496296
55000 0.00470909
56000 0.00467857
57000 0.00292982
58000 0.00289655
59000 0.00291525
60000 0.00411667
61000 0.00345902
62000 0.00327419
63000 0.00315873
64000 0.0029375
65000 0.00292308
66000 0.00292424
67000 0.0029403
68000 0.00292647
69000 0.00291304
70000 0.00291429
71000 0.00307042
72000 0.00294444
73000 0.00323288
74000 0.00382432
75000 0.00353333
76000 0.00293421
77000 0.00290909
78000 0.00292308
79000 0.00291139
80000 0.0029125
81000 0.00293827
82000 0.00517073
83000 0.00589157
84000 0.0029881
85000 0.00448235
86000 0.00293023
87000 0.00294253
88000 0.00295455
89000 0.00314607
90000 0.00295556
91000 0.00469231
92000 0.00298913
93000 0.00293548
94000 0.00356383
95000 0.00290526
96000 0.00291667
97000 0.00289691
98000 0.00290816
99000 0.00317172
100000 0.00299
101000 0.00293069
102000 0.00536275
103000 0.00339806
104000 0.00291346
105000 0.00292381
106000 0.00313208
107000 0.00470093
108000 0.00292593
109000 0.00290826
110000 0.0029
111000 0.00290991
112000 0.00291964
113000 0.00667257
114000 0.0029386
115000 0.00294783
116000 0.00549138
117000 0.00290598
118000 0.00333051
119000 0.00715126
120000 0.005475
121000 0.00380165
122000 0.00297541
123000 0.00290244
124000 0.00290323
125000 0.002904
126000 0.0029127
127000 0.00290551
128000 0.00291406
129000 0.00289147
130000 0.0072
131000 0.00724427
132000 0.00626515
133000 0.00493233
134000 0.00291045
135000 0.00291111
136000 0.00291912
137000 0.00290511
138000 0.00722464
139000 0.00547482
140000 0.00290714
141000 0.00291489
142000 0.00290141
143000 0.0028951
144000 0.00291667
145000 0.00289655
146000 0.00291096
147000 0.00291156
148000 0.00290541
149000 0.00290604
150000 0.0029
151000 0.00290066
152000 0.00290789
153000 0.0029085
154000 0.0029026
155000 0.00289677
156000 0.00290385
157000 0.00290446
158000 0.00290506
159000 0.0030566
160000 0.0029
161000 0.00303727
162000 0.00290123
163000 0.00290184
164000 0.00290244
165000 0.00289697
166000 0.00290361
167000 0.00291018
168000 0.00291071
169000 0.00289941
170000 0.00289412
171000 0.00290058
172000 0.00298837
173000 0.00290173
174000 0.0029023
175000 0.00290857
176000 0.00290341
177000 0.0029096
178000 0.00289888
179000 0.00289944
180000 0.00289444
181000 0.00290055
182000 0.00290659
183000 0.00290164
184000 0.00291848
185000 0.0029027
186000 0.00527957
187000 0.0028984
188000 0.00289894
189000 0.00290476
190000 0.00718421
191000 0.00465445
192000 0.00301563
193000 0.00302073
194000 0.00290206
195000 0.00290256
196000 0.00290306
197000 0.00289848
198000 0.00299495
199000 0.00289447
200000 0.002905
201000 0.00301493
202000 0.0030198
203000 0.00290148
204000 0.00364216
205000 0.00293659
206000 0.00304369
207000 0.00290338
208000 0.00324038
209000 0.00290431
210000 0.00290476
211000 0.00290047
212000 0.00291038
213000 0.00289671
214000 0.00299065
215000 0.00289767
216000 0.00289352
217000 0.00289862
218000 0.00289908
219000 0.00290411
220000 0.00299545
221000 0.00289593
222000 0.0028964
223000 0.00291928
224000 0.00289732
225000 0.00289778
226000 0.00289823
227000 0.00290308
228000 0.00289474
229000 0.0028952
230000 0.0029913
231000 0.00290476
232000 0.00289655
233000 0.00318455
234000 0.00290598
235000 0.00290638
236000 0.00298305
237000 0.00289873
238000 0.00290336
239000 0.00289958
240000 0.00289583
241000 0.00290041
242000 0.00290083
243000 0.00289712
244000 0.0030082
245000 0.00289796
246000 0.00289431
247000 0.00297976
248000 0.00302823
249000 0.00290361
250000 0.0029
251000 0.00289641
252000 0.00290476
253000 0.003
254000 0.00289764
255000 0.00290196
256000 0.00289844
257000 0.00289883
258000 0.0029031
259000 0.00382625
260000 0.00289615
261000 0.00331418
262000 0.00304962
263000 0.00298479
264000 0.00465909
265000 0.00289811
266000 0.00290226
267000 0.00289888
268000 0.00289552
269000 0.00290335
270000 0.0029
271000 0.00289299
272000 0.00290074
273000 0.0029011
274000 0.00289781
275000 0.00297091
276000 0.00289855
277000 0.00296751
278000 0.00289568
279000 0.00292115
280000 0.00290357
281000 0.00308185
282000 0.00298582
283000 0.00290813
284000 0.00293662
285000 0.00290175
286000 0.00470979
287000 0.00342509
288000 0.00290972
289000 0.00451557
290000 0.0029069
291000 0.00336426
292000 0.00296233
293000 0.00289761
294000 0.00292857
295000 0.00290508
296000 0.00311486
297000 0.00291246
298000 0.00292617
299000 0.00574582
300000 0.00289667
301000 0.00364452
302000 0.00318212
303000 0.00317822
304000 0.00378618
305000 0.00292459
306000 0.00431373
307000 0.00292182
308000 0.00307143
309000 0.00292233
310000 0.00291935
311000 0.00323473
312000 0.00290385
313000 0.00309904
314000 0.00297134
315000 0.00295238
316000 0.0038481
317000 0.00290221
318000 0.00338679
319000 0.00290596
320000 0.00295313
321000 0.003
322000 0.00292236
323000 0.0044582
324000 0.00293519
325000 0.00314769
326000 0.00349693
327000 0.00403058
328000 0.00291159
329000 0.00291185
330000 0.00290909
331000 0.00289728
332000 0.00292771
333000 0.0028979
334000 0.0029012
335000 0.00290746
336000 0.00289286
337000 0.00289911
338000 0.00289645
339000 0.0029233
340000 0.00334412
341000 0.00546628
342000 0.00290058
343000 0.00290671
344000 0.00292442
345000 0.00295072
346000 0.00290462
347000 0.0029049
348000 0.00289943
349000 0.00290831
350000 0.00290571
351000 0.00289744
352000 0.00290341
353000 0.00308499
354000 0.00296893
355000 0.00290141
356000 0.00290169
357000 0.00289916
358000 0.00290223
359000 0.00290808
360000 0.00296389
361000 0.00290028
362000 0.00289779
363000 0.00301377
364000 0.00290659
365000 0.00292603
366000 0.00290164
367000 0.00290191
368000 0.00336685
369000 0.00289431
370000 0.00289459
371000 0.00290836
372000 0.003
373000 0.00299464
374000 0.00290107
375000 0.00290933
376000 0.00289628
377000 0.00292042
378000 0.00320106
379000 0.00290765
380000 0.00302895
381000 0.00295538
382000 0.00290314
383000 0.00289817
384000 0.00289583
385000 0.0028987
386000 0.00289637
387000 0.00291731
388000 0.00294845
389000 0.00289974
390000 0.00290256
391000 0.00296675
392000 0.00290051
393000 0.00290331
394000 0.0029797
395000 0.00289873
396000 0.00290657
397000 0.00292191
398000 0.0028995
399000 0.00290226
400000 0.0029375
401000 0.00289776
402000 0.00289552
403000 0.00290323
404000 0.00290594
405000 0.0029037
406000 0.00289655
407000 0.00290172
408000 0.00290686
409000 0.00296577
410000 0.0029122
411000 0.00551338
412000 0.00290291
413000 0.00289831
414000 0.00289855
415000 0.0028988
416000 0.00289904
417000 0.00289928
418000 0.00289713
419000 0.0029642
420000 0.00290238
421000 0.00295487
422000 0.00290284
423000 0.00290071
424000 0.00290802
425000 0.00294588
426000 0.00289906
427000 0.00289696
428000 0.00289953
429000 0.00291142
430000 0.00290233
431000 0.00290487
432000 0.00290046
433000 0.00295843
434000 0.002947
435000 0.00290345
436000 0.00294495
437000 0.00289703
438000 0.00335845
439000 0.00546697
440000 0.00311364
441000 0.00317914
442000 0.00290045
443000 0.00717607
444000 0.00289865
445000 0.00290112
446000 0.00296188
447000 0.00290157
448000 0.00289955
449000 0.00289755
450000 0.00294667
451000 0.00290244
452000 0.00294248
453000 0.00361589
454000 0.00296035
455000 0.00713846
456000 0.00295395
457000 0.00289934
458000 0.00291048
459000 0.0028976
460000 0.0029087
461000 0.00289805
462000 0.00290476
463000 0.00290281
464000 0.00290086
465000 0.00506022
466000 0.00290343
467000 0.00547323
468000 0.00294658
469000 0.00289979
470000 0.00289574
471000 0.00290021
472000 0.00289831
473000 0.00289852
474000 0.00289873
475000 0.00290105
476000 0.00296429
477000 0.00290566
478000 0.00289958
479000 0.00290397
480000 0.0029
481000 0.00290021
482000 0.00290041
483000 0.00289648
484000 0.00289876
485000 0.00290515
486000 0.00294033
487000 0.00294456
488000 0.00290984
489000 0.00298978
490000 0.00294082
491000 0.00290835
492000 0.00293902
493000 0.00291278
494000 0.00291093
495000 0.00715152
496000 0.00290726
497000 0.0028994
498000 0.0028996
499000 0.00716032
500000 0.0029
501000 0.00292216
502000 0.00291434
503000 0.0029006
504000 0.00289881
505000 0.00290099
506000 0.00290119
507000 0.00289941
508000 0.00294094
509000 0.00291159
510000 0.0029
511000 0.00289824
512000 0.00291211
513000 0.00290643
514000 0.00291051
515000 0.00290291
516000 0.00302132
517000 0.00289749
518000 0.00294595
519000 0.00299422
520000 0.00542692
521000 0.00290019
522000 0.00290421
523000 0.00290249
524000 0.00295992
525000 0.00290286
526000 0.00294677
527000 0.00290133
528000 0.0029375
529000 0.0060794
530000 0.00290189
531000 0.00290019
532000 0.0028985
533000 0.00289869
534000 0.00289888
535000 0.00290093
536000 0.00296082
537000 0.0029013
538000 0.00290706
539000 0.00290909
540000 0.00333148
541000 0.00354898
542000 0.00290406
543000 0.00293923
544000 0.00290441
545000 0.00290092
546000 0.00289744
547000 0.00546618
548000 0.00289964
549000 0.00289982
550000 0.0029
551000 0.00298367
552000 0.00291486
553000 0.00662568
554000 0.00290614
555000 0.0028991
556000 0.00289928
557000 0.00290305
558000 0.00678315
559000 0.00290698
560000 0.00291071
561000 0.00715152
562000 0.00296441
563000 0.00530728
564000 0.00290248
565000 0.00290619
566000 0.00290459
567000 0.00290476
568000 0.00289965
569000 0.00289982
570000 0.00289825
571000 0.00290018
572000 0.0028986
573000 0.00290052
574000 0.00290244
575000 0.00290087
576000 0.00296701
577000 0.00300173
578000 0.00290311
579000 0.00290846
580000 0.00291207
581000 0.00290878
582000 0.00289863
583000 0.00406346
584000 0.00290411
585000 0.00356068
586000 0.00290102
587000 0.00290119
588000 0.00290136
589000 0.00289983
590000 0.00294576
591000 0.00289848
592000 0.00290034
593000 0.00290219
594000 0.00290236
595000 0.00289748
596000 0.00289765
597000 0.00290285
598000 0.00289967
599000 0.00294658
600000 0.00578167
601000 0.00291514
602000 0.00290033
603000 0.0029403
604000 0.00335927
605000 0.00294215
606000 0.00308416
607000 0.00296376
608000 0.00290461
609000 0.00312315
610000 0.00300984
611000 0.00301473
612000 0.00295261
613000 0.00298695
614000 0.00291368
615000 0.00294959
616000 0.00289935
617000 0.00289951
618000 0.00290129
619000 0.0029063
620000 0.00292258
621000 0.00290016
622000 0.00741801
623000 0.00290209
624000 0.00294872
625000 0.0030272
626000 0.00289776
627000 0.00296491
628000 0.00290287
629000 0.0029682
630000 0.00290159
631000 0.00290333
632000 0.00297468
633000 0.00301896
634000 0.00301893
635000 0.00293228
636000 0.00290094
637000 0.00289796
638000 0.00486991
639000 0.00290454
640000 0.00293906
641000 0.00290952
642000 0.00294237
643000 0.0029098
644000 0.00294255
645000 0.00291628
646000 0.00290402
647000 0.00293199
648000 0.00295988
649000 0.00289985
650000 0.00289846
651000 0.00294009
652000 0.00290337
653000 0.00290046
654000 0.00296024
655000 0.00305954
656000 0.00299543
657000 0.00289954
658000 0.0028997
659000 0.00293475
660000 0.00290303
661000 0.00292133
662000 0.00289879
663000 0.00331222
664000 0.00300452
665000 0.00669624
666000 0.0028994
667000 0.00292954
668000 0.00294012
669000 0.00290135
670000 0.00294179
671000 0.00290462
672000 0.00290476
673000 0.00291085
674000 0.00290208
675000 0.00293037
676000 0.00289941
677000 0.00295716
678000 0.00290118
679000 0.00292047
680000 0.00293676
681000 0.00336858
682000 0.00293548
683000 0.00290044
684000 0.00291228
685000 0.00294599
686000 0.00290087
687000 0.00290539
688000 0.00289971
689000 0.00314949
690000 0.00291014
691000 0.00532996
692000 0.00289884
693000 0.00289899
694000 0.00289914
695000 0.0029036
696000 0.00291236
697000 0.00293113
698000 0.00290831
699000 0.00290415
700000 0.00358714
701000 0.0029087
702000 0.00290598
703000 0.00289758
704000 0.00292898
705000 0.00290213
706000 0.00290227
707000 0.00289958
708000 0.00294068
709000 0.00290691
710000 0.00290563
711000 0.00290858
712000 0.00303933
713000 0.00292426
714000 0.00292997
715000 0.0029035
716000 0.00292737
717000 0.00290098
718000 0.00327716
719000 0.00320584
720000 0.00295
721000 0.0029043
722000 0.00292798
723000 0.00299723
724000 0.0029047
725000 0.00290207
726000 0.00289807
727000 0.00290234
728000 0.00294093
729000 0.00293278
730000 0.00290137
731000 0.0029015
732000 0.00290574
733000 0.00293315
734000 0.00290736
735000 0.00293197
736000 0.00294022
737000 0.00290502
738000 0.00290244
739000 0.00291069
740000 0.0029
741000 0.00289879
742000 0.00291105
743000 0.00594078
744000 0.00290054
745000 0.0029302
746000 0.00295174
747000 0.00290495
748000 0.00290241
749000 0.00290521
750000 0.00290533
751000 0.00290146
752000 0.00294681
753000 0.00293758
754000 0.00688462
755000 0.00294305
756000 0.0029127
757000 0.00290885
758000 0.00290765
759000 0.00291436
760000 0.00291053
761000 0.00294612
762000 0.00290026
763000 0.00294495
764000 0.00290052
765000 0.00500523
766000 0.00292689
767000 0.00290743
768000 0.00702214
769000 0.00290897
770000 0.00294935
771000 0.00293904
772000 0.00294041
773000 0.00290168
774000 0.00292248
775000 0.0029471
776000 0.00290851
777000 0.00290991
778000 0.00298715
779000 0.00306418
780000 0.00292692
781000 0.00290909
782000 0.00290281
783000 0.00290294
784000 0.00292985
785000 0.00290828
786000 0.0046056
787000 0.00290343
788000 0.00293528
789000 0.00290114
790000 0.00294051
791000 0.00293679
792000 0.00290025
793000 0.00294578
794000 0.00290428
795000 0.00294969
796000 0.00294598
797000 0.00292597
798000 0.00290852
799000 0.00290113
800000 0.0029975
801000 0.00514856
802000 0.00290524
803000 0.00290286
804000 0.00293284
805000 0.00293168
806000 0.00293424
807000 0.00290335
808000 0.00289851
809000 0.00291347
810000 0.00291605
811000 0.00290136
812000 0.00290394
813000 0.00295449
814000 0.00290172
815000 0.00290552
816000 0.00291054
817000 0.00295594
818000 0.00298655
819000 0.00292918
820000 0.00290244
821000 0.00290134
822000 0.00290146
823000 0.00290158
824000 0.00295631
825000 0.00297455
826000 0.00291162
827000 0.00290568
828000 0.00295652
829000 0.0031544
830000 0.00293253
831000 0.00343321
832000 0.0029351
833000 0.00292677
834000 0.00292326
835000 0.00290539
836000 0.00292703
837000 0.00316965
838000 0.00334964
839000 0.0029118
840000 0.00368333
841000 0.00290725
842000 0.00295249
843000 0.00292171
844000 0.00290521
845000 0.0034
846000 0.00292553
847000 0.00308028
848000 0.00292571
849000 0.00291991
850000 0.00292
851000 0.00291892
852000 0.00291549
853000 0.00293318
854000 0.00291101
855000 0.00293567
856000 0.00295911
857000 0.00290315
858000 0.00291026
859000 0.0029383
860000 0.00319419
861000 0.00682462
862000 0.00291763
863000 0.00291889
864000 0.00291088
865000 0.00290867
866000 0.00292841
867000 0.00290311
868000 0.00290207
869000 0.00290449
870000 0.00608161
871000 0.0029093
872000 0.00293234
873000 0.0029244
874000 0.00306522
875000 0.00293143
876000 0.0030605
877000 0.00290422
878000 0.00293166
879000 0.00291923
880000 0.00290682
881000 0.00292736
882000 0.0029059
883000 0.0029026
884000 0.0029638
885000 0.00298192
886000 0.00387698
887000 0.00294589
888000 0.00322748
889000 0.00291001
890000 0.00291236
891000 0.0029046
892000 0.00290471
893000 0.00293393
894000 0.00292729
895000 0.00293296
896000 0.00292522
897000 0.00293088
898000 0.00293096
899000 0.00715907
900000 0.00384333
901000 0.00296781
902000 0.00292239
903000 0.00291584
904000 0.00291372
905000 0.00290387
906000 0.00290949
907000 0.00290187
908000 0.00290859
909000 0.00290539
910000 0.00290659
911000 0.0029045
912000 0.00292763
913000 0.00293209
914000 0.00291028
915000 0.00290492
916000 0.00291048
917000 0.00299455
918000 0.00292375
919000 0.00292818
920000 0.00292826
921000 0.00290011
922000 0.00290564
923000 0.00290249
924000 0.00292749
925000 0.00290486
926000 0.00670302
927000 0.00290399
928000 0.00416918
929000 0.00296017
930000 0.00458925
931000 0.00293126
932000 0.00300858
933000 0.0029582
934000 0.00290471
935000 0.00290481
936000 0.00290598
937000 0.0029349
938000 0.00292111
939000 0.00315868
940000 0.00290851
941000 0.0029288
942000 0.00349469
943000 0.00293743
944000 0.00291949
945000 0.00399048
946000 0.00307611
947000 0.00292925
948000 0.00301055
949000 0.00290727
950000 0.00294
951000 0.00292639
952000 0.00357038
953000 0.00463903
954000 0.00324319
955000 0.00377801
956000 0.00291946
957000 0.00292059
958000 0.00290919
959000 0.00290302
960000 0.00296667
961000 0.00293028
962000 0.00290229
963000 0.0029107
964000 0.00342116
965000 0.00293368
966000 0.00293582
967000 0.00290796
968000 0.00290702
969000 0.00290815
970000 0.00290825
971000 0.00291658
972000 0.00290741
973000 0.00294245
974000 0.0029384
975000 0.00292718
976000 0.00295184
977000 0.0029304
978000 0.00290798
979000 0.00296118
980000 0.00290714
981000 0.00291539
982000 0.00290631
983000 0.0029115
984000 0.00290955
985000 0.00292487
986000 0.00290872
987000 0.00290679
988000 0.00290486
989000 0.00293832
990000 0.00291212
991000 0.00290616
992000 0.00500806
993000 0.00291944
994000 0.00293159
995000 0.00292864
996000 0.00294076
997000 0.00290471
998000 0.00292685
999000 0.00295896
1000000 0.002912
1001000 0.00295405
1002000 0.00294511
1003000 0.00290628
1004000 0.00317829
1005000 0.00582786
1006000 0.00290855
1007000 0.00290765
1008000 0.00291369
1009000 0.00297324
1010000 0.0036703
1011000 0.00290504
1012000 0.0029249
1013000 0.00299803
1014000 0.00295266
1015000 0.00291034
1016000 0.0029498
1017000 0.00290954
1018000 0.00654912
1019000 0.0029107
1020000 0.00293137
1021000 0.00291185
1022000 0.00292661
1023000 0.0036305
1024000 0.00365625
1025000 0.00293561
1026000 0.00292788
1027000 0.00290944
1028000 0.00291148
1029000 0.00293586
1030000 0.00292718
1031000 0.00290495
1032000 0.00291085
1033000 0.00290707
1034000 0.00290619
1035000 0.00292464
1036000 0.00311197
1037000 0.00290646
1038000 0.00296435
1039000 0.00293455
1040000 0.00293269
1041000 0.00290682
1042000 0.0029309
1043000 0.00322915
1044000 0.00297893
1045000 0.00291292
1046000 0.00290631
1047000 0.002915
1048000 0.00547042
1049000 0.00333365
1050000 0.00301143
