6000 0.00437778
7000 0.00421905
8000 0.00450833
9000 0.0042
10000 0.00420667
11000 0.00430303
12000 0.00707778
13000 0.0053641
14000 0.00775238
15000 0.00436444
16000 0.00635417
17000 0.00749412
18000 0.00486296
19000 0.00485965
20000 0.00558667
21000 0.00766032
22000 0.00774848
23000 0.00786087
24000 0.00720278
25000 0.00720267
26000 0.00671026
27000 0.0082321
28000 0.00675476
29000 0.00595402
30000 0.00876
31000 0.00781935
32000 0.00440833
33000 0.00632323
34000 0.00921961
35000 0.00443048
36000 0.00672963
37000 0.00776396
38000 0.00727895
39000 0.00697778
40000 0.00454833
41000 0.00562764
42000 0.00923968
43000 0.00855504
44000 0.00895303
45000 0.0090637
46000 0.0102957
47000 0.00891348
48000 0.00930833
49000 0.0097619
